0 0.7295 0.9544374999999999 0.01490625 0.020104166666666666
0 0.8676718749999999 0.4515 0.011875 0.020895833333333332
0 0.542484375 0.1638125 0.01678125 0.022291666666666664
0 0.516109375 0.14885416666666668 0.013734374999999998 0.020104166666666666
0 0.624515625 0.47622916666666665 0.011109375000000001 0.015958333333333335
0 0.5288125 0.19564583333333332 0.014328125 0.018666666666666668
0 0.46118750000000003 0.8483125 0.00996875 0.017020833333333332
0 0.66259375 0.03389583333333333 0.016593749999999997 0.01933333333333333
0 0.8442343749999999 0.4593125 0.014781250000000001 0.017562499999999998
0 0.6123125 0.45279166666666665 0.009640625 0.014375
0 0.554203125 0.20979166666666668 0.013421875 0.014812500000000001
0 0.8471718750000001 0.42904166666666665 0.01209375 0.020958333333333336
0 0.852546875 0.4935 0.011203125 0.0161875
0 0.517203125 0.32837500000000003 0.04134375 0.049