0 0.684078125 0.7636666666666667 0.022671875 0.026791666666666665
0 0.74071875 0.2797916666666667 0.016468749999999997 0.02335416666666667
0 0.807625 0.8144583333333333 0.01815625 0.03333333333333333
0 0.743171875 0.68425 0.02828125 0.03575
0 0.7998125 0.6308541666666667 0.030109375 0.024395833333333335
0 0.10760937500000001 0.5289791666666667 0.033015625 0.03575
0 0.82421875 0.7363333333333333 0.029484375 0.058145833333333334
0 0.523921875 0.8645833333333334 0.0238125 0.0318125
0 0.698734375 0.13054166666666667 0.020374999999999997 0.038125
0 0.23034374999999999 0.102625 0.01771875 0.0228125
0 0.323484375 0.012958333333333332 0.034421875000000005 0.024770833333333336
0 0.345953125 0.10408333333333333 0.073671875 0.08829166666666667
0 0.1066875 0.44629166666666664 0.0199375 0.024395833333333335