0 0.6015625 0.50625 0.0359375 0.04791666666666667
0 0.17421875 0.915625 0.0515625 0.06041666666666667
0 0.59296875 0.38958333333333334 0.040625 0.05416666666666667
0 0.25 0.23125 0.03125 0.04375
0 0.0421875 0.9864583333333333 0.0359375 0.022916666666666665
0 0.6859375 0.51875 0.0265625 0.0375
0 0.11867187500000001 0.9693541666666667 0.02553125 0.0578125
0 0.270953125 0.5714583333333334 0.031484374999999995 0.035166666666666666
0 0.2726875 0.11947916666666666 0.028015625 0.043229166666666666
0 0.5805625 0.5364166666666667 0.025687500000000002 0.034520833333333334
0 0.6876249999999999 0.3577291666666667 0.021078125 0.03827083333333334
0 0.23323437500000002 0.9315625 0.046328125 0.0424375
0 0.816234375 0.5155833333333333 0.021359375 0.03914583333333333
0 0.474203125 0.2309166666666667 0.0213125 0.03927083333333334