0 0.9296875 0.81575 0.015671875 0.023708333333333335
0 0.66259375 0.6650416666666668 0.019265625 0.030166666666666668
0 0.685546875 0.6927083333333334 0.01484375 0.018666666666666668
0 0.9145468749999999 0.6803333333333333 0.043765625 0.058479166666666665
0 0.9467812500000001 0.625 0.0219375 0.028645833333333332
0 0.299078125 0.7083333333333334 0.015359375 0.02033333333333333
0 0.63965625 0.35872916666666665 0.030671874999999998 0.036145833333333335
0 0.61475 0.3398541666666667 0.018015625 0.0253125
0 0.370609375 0.8711041666666667 0.048671874999999996 0.050416666666666665
0 0.69775 0.9765625 0.018765625 0.03697916666666667
0 0.798828125 0.13614583333333333 0.02175 0.014541666666666668
0 0.187625 0.7675833333333333 0.015187500000000001 0.021958333333333333
0 0.8764687500000001 0.6285833333333334 0.01390625 0.018458333333333334
0 0.31371875 0.87825 0.0753125 0.04479166666666667
0 0.34471875 0.4903541666666667 0.0783125 0.09058333333333332
0 0.7970625 0.5117083333333333 0.06982812499999999 0.12864583333333332
0 0.131515625 0.9199583333333333 0.07553125000000001 0.15347916666666667
0 0.208453125 0.8579166666666667 0.06571875 0.11270833333333334
0 0.747671875 0.815 0.07520312500000001 0.1009375
0 0.747203125 0.9910625 0.053421874999999994 0.017895833333333333
0 0.86271875 0.9220833333333334 0.034453125 0.10214583333333334