0 0.47265625 0.6624375 0.018015625 0.03135416666666667
0 0.427734375 0.9485625 0.029593750000000002 0.0405
0 0.20690624999999999 0.37043750000000003 0.023859375 0.02325
0 0.46314062500000003 0.37825000000000003 0.026703125 0.040375
0 0.68359375 0.4625625 0.018765625 0.027687499999999997
0 0.49096875000000006 0.15331250000000002 0.02346875 0.03635416666666667
0 0.738765625 0.39908333333333335 0.019796875 0.025354166666666667
0 0.8989218749999999 0.21452083333333333 0.033203125 0.028604166666666667
0 0.96875 0.59375 0.031015625 0.0319375
0 0.476078125 0.27912499999999996 0.021625 0.04029166666666666
0 0.262703125 0.3779375 0.021234375 0.035812500000000004
0 0.47339062500000006 0.7363333333333333 0.025421875 0.0320625
0 0.692875 0.37695833333333334 0.027109375 0.03383333333333333
0 0.676765625 0.1258125 0.024796875 0.033125
0 0.542 0.035145833333333334 0.022671875 0.030645833333333334
0 0.480953125 0.7786458333333334 0.013484375000000002 0.01825
0 0.45287499999999997 0.03691666666666667 0.026000000000000002 0.03164583333333333
0 0.96484375 0.17952083333333332 0.029921874999999997 0.029145833333333333
0 0.53271875 0.1115 0.0219375 0.025062499999999998
0 0.50634375 0.31462500000000004 0.03021875 0.049604166666666664
0 0.9970156250000001 0.5533958333333333 0.005953125 0.0329375
0 0.512703125 0.4583333333333333 0.03228125 0.050895833333333335
0 0.96875 0.08585416666666666 0.014624999999999999 0.0195
0 0.11296874999999999 0.22933333333333333 0.0174375 0.020562499999999997
0 0.6953125 0.23991666666666667 0.0199375 0.030041666666666668
0 0.5024375 0.019708333333333335 0.02590625 0.029541666666666667
0 0.313484375 0.3167291666666667 0.014390625 0.020104166666666666
0 0.826171875 0.4088541666666667 0.017249999999999998 0.02033333333333333
0 0.132078125 0.706375 0.015609375 0.022208333333333333
0 0.62403125 0.12516666666666668 0.027109375 0.028166666666666666
0 0.8530312500000001 0.43554166666666666 0.01578125 0.020895833333333332
0 0.9672812499999999 0.13166666666666668 0.021281249999999998 0.029666666666666668
0 0.849609375 0.4570416666666667 0.026203125 0.02264583333333333
0 0.48901562500000006 0.19335416666666666 0.012968750000000001 0.019104166666666665
0 0.2580625 0.020395833333333332 0.034828125 0.032
0 0.727546875 0.20539583333333333 0.022328124999999997 0.020395833333333332
0 0.825203125 0.045375000000000006 0.022578124999999998 0.023
0 0.8198281250000001 0.11677083333333332 0.013953125 0.017104166666666667