0 0.21618750000000003 0.7102916666666667 0.032468750000000005 0.0525625
0 0.5961875 0.29118750000000004 0.034765625 0.04939583333333333
0 0.34521875 0.6507083333333333 0.038109375 0.0493125
0 0.198484375 0.620125 0.03634375 0.0530625
0 0.663578125 0.3219375 0.018578125 0.023708333333333335
0 0.24474999999999997 0.4567083333333333 0.039953125 0.045125
0 0.33959375 0.7018333333333333 0.032468750000000005 0.04479166666666667
0 0.355953125 0.10433333333333333 0.03259375 0.0529375
0 0.386234375 0.5133541666666667 0.052515624999999996 0.07608333333333334
0 0.780765625 0.49414583333333334 0.027375 0.037625
0 0.767578125 0.5957083333333333 0.04025 0.05664583333333333
0 0.7211875 0.9829583333333333 0.03384375 0.03410416666666667
0 0.8081093750000001 0.5546875 0.03775 0.04183333333333333
0 0.8022500000000001 0.5306041666666667 0.02790625 0.037625
0 0.141359375 0.22672916666666668 0.024890625 0.02654166666666667
0 0.29809375 0.14395833333333333 0.030671874999999998 0.034604166666666665
0 0.2944375 0.7682291666666666 0.026203125 0.03377083333333333