0 0.4125 0.9916666666666667 0.0359375 0.0125
0 0.8078125 0.584375 0.06875 0.12083333333333333
0 0.55703125 0.20520833333333333 0.0453125 0.058333333333333334
0 0.739296875 0.5400833333333334 0.043937500000000004 0.15489583333333332
0 0.23918750000000003 0.137125 0.06929687500000001 0.15958333333333333
0 0.9135312499999999 0.42622916666666666 0.025937500000000002 0.052187500000000005
0 0.940515625 0.5418958333333334 0.040125 0.10170833333333333
0 0.1720625 0.21064583333333334 0.04865625 0.056625
0 0.212984375 0.9451250000000001 0.04528125 0.09375
0 0.262890625 0.974375 0.034296875 0.04622916666666667
0 0.1505 0.8242916666666668 0.033953125 0.0490625
0 0.67009375 0.39310416666666664 0.019171874999999998 0.057895833333333334
0 0.24732812499999998 0.3114166666666666 0.034437499999999996 0.042270833333333334
0 0.250625 0.6544791666666666 0.038171875 0.06929166666666667
0 0.187546875 0.74975 0.034187499999999996 0.0439375
0 0.58365625 0.9377083333333334 0.09912499999999999 0.08652083333333334
0 0.24500000000000002 0.8934791666666667 0.018421874999999997 0.051083333333333335
0 0.19954687499999998 0.9742083333333333 0.109328125 0.03829166666666666