0 0.7125 0.5072916666666667 0.0375 0.05625
0 0.4609375 0.8520833333333333 0.0328125 0.05
0 0.85234375 0.21979166666666666 0.034375 0.04375
0 0.1984375 0.940625 0.028125 0.03958333333333333
0 0.34140625 0.7854166666666667 0.025 0.035416666666666666
0 0.7546875 0.34479166666666666 0.03125 0.041666666666666664
0 0.63359375 0.38333333333333336 0.025 0.0375
0 0.07734375 0.11041666666666666 0.0265625 0.04375
0 0.7015625 0.4083333333333333 0.025 0.041666666666666664
0 0.19375 0.86875 0.0734375 0.06458333333333334
0 0.315625 0.634375 0.03125 0.04583333333333333