0 0.56953125 0.4041666666666667 0.11875 0.13541666666666666
0 0.1828125 0.9260416666666667 0.090625 0.1125
0 0.3640625 0.6052083333333333 0.1296875 0.14583333333333334
0 0.6203125 0.28020833333333334 0.1046875 0.11875
0 0.35390625 0.215625 0.1046875 0.08958333333333333
0 0.72109375 0.7510416666666667 0.1046875 0.11875
0 0.63046875 0.53125 0.13125 0.16875
0 0.54609375 0.8447916666666667 0.1171875 0.10416666666666667
0 0.55546875 0.6614583333333334 0.1546875 0.20208333333333334
0 0.425 0.971875 0.075 0.052083333333333336
0 0.3078125 0.7822916666666667 0.05 0.06666666666666667
0 0.67265625 0.6822916666666666 0.071875 0.08333333333333333
0 0.75625 0.9729166666666667 0.0921875 0.05
0 0.225 0.7635416666666667 0.0921875 0.09166666666666666
0 0.534375 0.496875 0.0515625 0.04791666666666667
0 0.5953125 0.7166666666666667 0.0765625 0.09166666666666666