0 0.21875 0.6114583333333333 0.05 0.08541666666666667
0 0.434375 0.8208333333333333 0.0609375 0.07916666666666666
0 0.1234375 0.896875 0.0609375 0.07083333333333333
0 0.3578125 0.6989583333333333 0.0359375 0.052083333333333336
0 0.4453125 0.246875 0.0328125 0.05
0 0.33984375 0.9354166666666667 0.06875 0.08125
0 0.5390625 0.265625 0.05 0.0625
0 0.6921875 0.26145833333333335 0.0375 0.04791666666666667
0 0.66015625 0.153125 0.025 0.04375
0 0.50390625 0.740625 0.0484375 0.06458333333333334
0 0.190625 0.540625 0.0265625 0.041666666666666664
0 0.671875 0.3854166666666667 0.0859375 0.09166666666666666
0 0.9578125 0.7364583333333333 0.040625 0.058333333333333334