0 0.274171875 0.6627708333333333 0.01809375 0.029375
0 0.182375 0.8828125 0.019796875 0.030166666666666668
0 0.328859375 0.4713541666666667 0.026453125 0.0405
0 0.3151875 0.5582708333333334 0.02590625 0.0400625
0 0.32178125 0.9375 0.02784375 0.029895833333333333
0 0.28271875 0.5465416666666666 0.016718749999999998 0.021625000000000002
0 0.361078125 0.9147083333333333 0.017984375 0.024125
0 0.49535937499999994 0.5729166666666666 0.032953125 0.04114583333333333
0 0.18346875 0.9479166666666666 0.025421875 0.028166666666666666
0 0.0705625 0.3282916666666667 0.017906250000000002 0.021791666666666668
0 0.41137499999999994 0.8652291666666667 0.023765625000000002 0.030520833333333334