0 0.27890625 0.828125 0.1015625 0.12708333333333333
0 0.1109375 0.21041666666666667 0.0796875 0.07916666666666666
0 0.27109375 0.14166666666666666 0.090625 0.11041666666666666
0 0.04921875 0.275 0.0515625 0.05416666666666667
0 0.3359375 0.4739583333333333 0.1453125 0.24166666666666667
0 0.5125 0.6708333333333333 0.115625 0.24583333333333332
0 0.04921875 0.3572916666666667 0.0984375 0.125
0 0.14765625 0.7697916666666667 0.096875 0.12916666666666668
0 0.14453125 0.9635416666666666 0.0953125 0.06875
0 0.9671875 0.37395833333333334 0.0625 0.08333333333333333
0 0.47421875 0.521875 0.0578125 0.07708333333333334
0 0.39453125 0.29791666666666666 0.071875 0.08958333333333333
0 0.24296875 0.04375 0.1125 0.0875
0 0.9234375 0.4 0.15 0.24583333333333332
0 0.82109375 0.15 0.0328125 0.0375
0 0.2453125 0.9822916666666667 0.0421875 0.03125