0 0.616703125 0.6054791666666667 0.025796875000000004 0.042479166666666665
0 0.8354531250000001 0.3395208333333333 0.03028125 0.06002083333333333
0 0.601078125 0.46810416666666665 0.016718749999999998 0.023875
0 0.371578125 0.4807916666666667 0.028218749999999997 0.04810416666666666
0 0.588375 0.38054166666666667 0.041625 0.058666666666666666
0 0.37646875 0.38379166666666664 0.027375 0.055374999999999994
0 0.401859375 0.16602083333333334 0.03796875 0.07162500000000001
0 0.665046875 0.7076875 0.048125 0.07172916666666666
0 0.8881875000000001 0.1678125 0.022765625 0.034604166666666665
0 0.061312500000000006 0.3942083333333333 0.050421875000000005 0.08635416666666668
0 0.189203125 0.9010416666666666 0.02025 0.06360416666666667
0 0.6045 0.8600208333333333 0.05014062500000001 0.1045
0 0.18859375 0.6875 0.04803125 0.06527083333333333
0 0.619625 0.35741666666666666 0.0350625 0.06466666666666666
0 0.85059375 0.24397916666666666 0.02484375 0.0465
0 0.168328125 0.7630208333333334 0.013734374999999998 0.02325
0 0.18067187499999998 0.8007916666666667 0.027109375 0.024458333333333335
0 0.3049375 0.6679791666666667 0.049046875000000004 0.08545833333333334
0 0.382078125 0.11083333333333334 0.023421875 0.05695833333333333
0 0.142828125 0.4814375 0.012421875 0.03383333333333333
0 0.99784375 0.13404166666666667 0.0043124999999999995 0.04029166666666666
0 0.36596875 0.18783333333333332 0.01678125 0.058791666666666666
0 0.595703125 0.10562500000000001 0.012296875 0.03922916666666666
0 0.29328125 0.4873333333333333 0.066609375 0.11245833333333333
0 0.171625 0.6191458333333333 0.017515625 0.04564583333333334
0 0.25934375 0.6076458333333333 0.086203125 0.0401875
0 0.187234375 0.5931666666666667 0.046640625000000005 0.02704166666666667