0 0.14609375 0.925 0.05 0.058333333333333334
0 0.24140625 0.8989583333333333 0.04375 0.05416666666666667
0 0.35546875 0.578125 0.028125 0.0375
0 0.51953125 0.7510416666666667 0.0421875 0.06458333333333334
0 0.3859375 0.35104166666666664 0.0296875 0.035416666666666666
0 0.471875 0.7520833333333333 0.0296875 0.05
0 0.212953125 0.3082708333333333 0.0161875 0.02266666666666667
0 0.16143749999999998 0.28110416666666665 0.02078125 0.0331875
0 0.068734375 0.3001666666666667 0.01940625 0.038875
0 0.525875 0.7892916666666667 0.0315625 0.019895833333333335
0 0.47767187499999997 0.2700625 0.014374999999999999 0.024979166666666667