0 0.12578125 0.13645833333333332 0.0609375 0.06041666666666667
0 0.9203125 0.13020833333333334 0.0578125 0.058333333333333334
0 0.90234375 0.31979166666666664 0.0296875 0.03125
0 0.49921875 0.34479166666666666 0.05625 0.05625
0 0.20390625 0.016666666666666666 0.0359375 0.03333333333333333
0 0.84609375 0.36354166666666665 0.025 0.03125
0 0.36796875 0.346875 0.0359375 0.04375
0 0.371875 0.9364583333333333 0.03125 0.0375
0 0.02109375 0.23333333333333334 0.0375 0.04791666666666667
0 0.48671875 0.60625 0.0859375 0.07708333333333334
0 0.415625 0.33125 0.034375 0.04375
0 0.3234375 0.753125 0.0265625 0.035416666666666666
0 0.665625 0.740625 0.040625 0.0375
0 0.53515625 0.66875 0.03125 0.0375
0 0.41171875 0.4583333333333333 0.0234375 0.035416666666666666
0 0.1109375 0.7666666666666667 0.0265625 0.035416666666666666
0 0.60078125 0.3385416666666667 0.0625 0.052083333333333336
0 0.684375 0.084375 0.04375 0.05
0 0.44375 0.6604166666666667 0.0375 0.06458333333333334
0 0.26328125 0.7604166666666666 0.0328125 0.035416666666666666
0 0.2890625 0.925 0.040625 0.04583333333333333
0 0.4203125 0.7239583333333334 0.0265625 0.03958333333333333
0 0.51796875 0.4239583333333333 0.0375 0.0375
0 0.35703125 0.7510416666666667 0.025 0.03333333333333333
0 0.2140625 0.06770833333333333 0.0296875 0.03333333333333333
0 0.98984375 0.271875 0.0171875 0.03958333333333333
0 0.35703125 0.4010416666666667 0.0328125 0.0375
0 0.08828125 0.3770833333333333 0.025 0.027083333333333334
0 0.4421875 0.8145833333333333 0.01875 0.025
0 0.06796875 0.1375 0.0265625 0.029166666666666667
0 0.3328125 0.471875 0.0234375 0.027083333333333334
0 0.70078125 0.014583333333333334 0.053125 0.029166666666666667
0 0.75 0.046875 0.0265625 0.03333333333333333
0 0.359375 0.9875 0.0296875 0.020833333333333332
0 0.56875 0.7354166666666667 0.0234375 0.03333333333333333