0 0.37084375 0.6966249999999999 0.011546875 0.015062500000000001
0 0.74853125 0.38477083333333334 0.028015625 0.025416666666666664
0 0.6015625 0.23745833333333335 0.01653125 0.023
0 0.020374999999999997 0.247875 0.02828125 0.04545833333333334
0 0.614265625 0.25585416666666666 0.014781250000000001 0.021541666666666667
0 0.18371875 0.3942083333333333 0.023703125 0.04058333333333333
0 0.9204062499999999 0.431 0.015187500000000001 0.015395833333333333
0 0.890625 0.4453125 0.0255625 0.024770833333333336
0 0.626953125 0.2680625 0.012296875 0.0188125
0 0.329109375 0.7233125 0.012234375 0.015645833333333335
0 0.388421875 0.55925 0.01665625 0.025833333333333333
0 0.693359375 0.42643749999999997 0.017515625 0.026791666666666665
0 0.9375 0.38379166666666664 0.027734375 0.023708333333333335