0 0.303125 0.825 0.0578125 0.06041666666666667
0 0.31328125 0.6760416666666667 0.0453125 0.0375
0 0.66015625 0.3020833333333333 0.0640625 0.06041666666666667
0 0.4203125 0.709375 0.0453125 0.05
0 0.10703125 0.6479166666666667 0.04375 0.04375
0 0.3921875 0.7583333333333333 0.0484375 0.052083333333333336
0 0.22109375 0.9447916666666667 0.0375 0.03958333333333333
0 0.7296875 0.56875 0.0453125 0.04791666666666667
0 0.35546875 0.9375 0.04375 0.03958333333333333
0 0.39375 0.8583333333333333 0.109375 0.17291666666666666
0 0.73515625 0.259375 0.053125 0.052083333333333336
0 0.36953125 0.86875 0.0578125 0.09166666666666666
0 0.30546875 0.9822916666666667 0.0296875 0.03125
0 0.24296875 0.8802083333333334 0.0375 0.03958333333333333
0 0.275 0.8947916666666667 0.028125 0.03333333333333333
0 0.41015625 0.81875 0.0421875 0.06458333333333334
0 0.74296875 0.315625 0.028125 0.029166666666666667
0 0.61171875 0.27708333333333335 0.034375 0.0375
0 0.42890625 0.9104166666666667 0.04375 0.04791666666666667
0 0.6109375 0.27708333333333335 0.034375 0.0375
0 0.4140625 0.9020833333333333 0.078125 0.075