0 0.21081249999999999 0.5178958333333333 0.017578125 0.026395833333333334
0 0.040015625 0.5358125 0.027171875 0.034604166666666665
0 0.556640625 0.5042291666666666 0.02109375 0.026083333333333333
0 0.707515625 0.3048541666666667 0.023859375 0.03502083333333333
0 0.7998125 0.48470833333333335 0.020921875 0.035333333333333335
0 0.541015625 0.13264583333333332 0.023328124999999998 0.03741666666666667
0 0.566890625 0.24252083333333332 0.019453124999999998 0.0329375
0 0.509765625 0.22152083333333333 0.0190625 0.023166666666666665
0 0.753421875 0.5094375 0.01353125 0.020729166666666667
0 0.52490625 0.18456250000000002 0.02365625 0.0256875
0 0.646484375 0.3697916666666667 0.027171875 0.029041666666666667
0 0.3410625 0.158375 0.037046875 0.030166666666666668
0 0.038390625 0.37695833333333334 0.024046875000000002 0.03827083333333334
0 0.040921875 0.45279166666666665 0.025468750000000002 0.04627083333333334
0 0.507328125 0.050895833333333335 0.02665625 0.024458333333333335
0 0.305171875 0.3315416666666666 0.0231875 0.035958333333333335
0 0.790046875 0.22802083333333334 0.026765624999999998 0.034749999999999996
0 0.8090781249999999 0.3863958333333333 0.02590625 0.03870833333333333
0 0.15465625 0.40070833333333333 0.028937499999999998 0.044270833333333336
0 0.27490625 0.24658333333333332 0.014000000000000002 0.021458333333333336
0 0.557625 0.0856875 0.03384375 0.05416666666666667
0 0.628421875 0.4179791666666667 0.032171875 0.03952083333333333
0 0.778328125 0.5169374999999999 0.0130625 0.017104166666666667
0 0.352296875 0.04635416666666667 0.03621875 0.04635416666666667
0 0.76171875 0.26887500000000003 0.039953125 0.051604166666666666
0 0.059750000000000004 0.373375 0.0205625 0.023979166666666666
0 0.30615625 0.10808333333333334 0.038906249999999996 0.058020833333333334
0 0.168703125 0.3466875 0.02865625 0.025791666666666668
0 0.173828125 0.4375 0.02175 0.029833333333333333
0 0.2524375 0.21827083333333333 0.012625 0.03135416666666667
0 0.19239062499999998 0.49966666666666665 0.014624999999999999 0.019187500000000003
0 0.80859375 0.41633333333333333 0.014734375 0.017020833333333332
0 0.11315625 0.161375 0.017249999999999998 0.03402083333333333
0 0.125359375 0.25325000000000003 0.010781250000000001 0.025833333333333333
0 0.5805625 0.10733333333333334 0.018687500000000003 0.0493125
0 0.255375 0.17529166666666668 0.0196875 0.032375
0 0.610359375 0.3776041666666667 0.04321875 0.0400625
0 0.6953125 0.33789583333333334 0.01525 0.0234375
0 0.255125 0.10595833333333333 0.020171875 0.046875
0 0.527828125 0.02272916666666667 0.011109375000000001 0.01875
0 0.813484375 0.30370833333333336 0.015125 0.0165
0 0.29540625 0.07172916666666666 0.017859375 0.028708333333333332
0 0.0195 0.5006458333333333 0.010374999999999999 0.03697916666666667
0 0.19640625 0.3697916666666667 0.016843749999999998 0.01941666666666667
0 0.29540625 0.35383333333333333 0.00959375 0.020562499999999997
0 0.324515625 0.03308333333333333 0.065703125 0.0661875
0 0.114234375 0.325625 0.07221875 0.06666666666666667