0 0.62265625 0.09375 0.1390625 0.14166666666666666
0 0.5859375 0.803125 0.103125 0.14375
0 0.6609375 0.3072916666666667 0.0953125 0.10208333333333333
0 0.3953125 0.3489583333333333 0.053125 0.08125
0 0.30625 0.06979166666666667 0.08125 0.11041666666666666
0 0.66328125 0.9645833333333333 0.075 0.06666666666666667
0 0.8875 0.109375 0.1484375 0.14583333333333334
0 0.49140625 0.7552083333333334 0.0953125 0.1625
0 0.2640625 0.19895833333333332 0.078125 0.08541666666666667
0 0.19375 0.371875 0.0453125 0.052083333333333336
0 0.975 0.071875 0.046875 0.06041666666666667
0 0.4296875 0.9 0.1 0.19166666666666668
0 0.190625 0.15 0.05 0.06041666666666667
0 0.4296875 0.04583333333333333 0.0640625 0.08541666666666667