0 0.45434374999999994 0.3479791666666667 0.0145625 0.021541666666666667
0 0.177 0.42512500000000003 0.014781250000000001 0.035083333333333334
0 0.901375 0.49966666666666665 0.016468749999999997 0.020895833333333332
0 0.575203125 0.28060416666666665 0.017578125 0.022375
0 0.439453125 0.44433333333333336 0.017046875 0.02420833333333333
0 0.42943749999999997 0.41341666666666665 0.01621875 0.021041666666666667
0 0.51415625 0.07470833333333333 0.01621875 0.01904166666666667
0 0.8608437500000001 0.5341875 0.016593749999999997 0.020479166666666666
0 0.21325 0.6556041666666667 0.023609375 0.05558333333333333
0 0.93359375 0.48470833333333335 0.027796875 0.026479166666666668
0 0.512703125 0.10147916666666666 0.013484375000000002 0.0175
0 0.633296875 0.8222708333333333 0.015187500000000001 0.025354166666666667
0 0.96778125 0.45866666666666667 0.018546874999999997 0.022375
0 0.9749531250000001 0.63075 0.04503125 0.0328125