0 0.8100625000000001 0.2708333333333333 0.018265625 0.018395833333333333
0 0.9038125000000001 0.6318333333333332 0.027796875 0.02325
0 0.568359375 0.5660833333333334 0.029249999999999998 0.027166666666666665
0 0.21301562500000001 0.9446666666666667 0.028765625 0.04066666666666666
0 0.551265625 0.41081249999999997 0.028015625 0.0380625
0 0.507328125 0.40429166666666666 0.013328125 0.017979166666666668
0 0.329828125 0.737625 0.01815625 0.025416666666666664
0 0.385015625 0.08218750000000001 0.01578125 0.018125
0 0.349359375 0.5784583333333334 0.012578125 0.016020833333333335
0 0.602546875 0.3151041666666667 0.0195 0.01825
0 0.43042187500000006 0.5667291666666666 0.033390625 0.037625
0 0.136359375 0.34408333333333335 0.022468750000000003 0.025249999999999998
0 0.26171875 0.81575 0.015125 0.028770833333333336
0 0.675296875 0.8606874999999999 0.01525 0.028374999999999997
0 0.9873125 0.13639583333333333 0.020374999999999997 0.012854166666666667
0 0.42603125000000003 0.5911458333333334 0.018828125 0.020958333333333336
0 0.46118750000000003 0.44335416666666666 0.009515625 0.013666666666666666
0 0.755859375 0.44987499999999997 0.013328125 0.0143125
0 0.49779687499999997 0.20491666666666666 0.012578125 0.015291666666666667
0 0.71240625 0.9778749999999999 0.010374999999999999 0.02033333333333333
0 0.684578125 0.052083333333333336 0.014171875 0.018666666666666668
0 0.40528125 0.8190208333333333 0.010906250000000001 0.015333333333333334
0 0.560546875 0.5680416666666667 0.01209375 0.016458333333333335
0 0.6069375 0.06733333333333333 0.0195625 0.020958333333333336
0 0.986328125 0.7884166666666667 0.0098125 0.0149375
0 0.361078125 0.0788125 0.011921875 0.014812500000000001
0 0.625 0.06429166666666666 0.01428125 0.017562499999999998
0 0.576171875 0.7552083333333334 0.03790625 0.020958333333333336
0 0.486328125 0.5400416666666668 0.00871875 0.012791666666666666
0 0.49292187500000006 0.5458958333333332 0.01634375 0.016395833333333335
0 0.7373125 0.5009791666666666 0.022203125 0.06254166666666666
0 0.48801562499999995 0.6680625 0.07953125 0.049416666666666664