0 0.079890625 0.8190208333333333 0.021203125 0.03770833333333334
0 0.761234375 0.5130208333333334 0.017249999999999998 0.023875
0 0.39478125 0.5159583333333333 0.02190625 0.0261875
0 0.8276406250000001 0.5152916666666667 0.030156250000000002 0.035541666666666666
0 0.15625 0.050708333333333334 0.0136875 0.020166666666666666
0 0.24548437500000003 0.3268333333333333 0.013015625 0.0208125
0 0.159421875 0.23731249999999998 0.020453125 0.029770833333333333
0 0.366453125 0.5823541666666666 0.050328125 0.06575
0 0.727046875 0.43783333333333335 0.01234375 0.0208125
0 0.6435625 0.38477083333333334 0.022203125 0.02733333333333333
0 0.55615625 0.4404375 0.026453125 0.043625000000000004
0 0.671875 0.7910208333333333 0.01053125 0.015958333333333335
0 0.01571875 0.9913333333333333 0.01115625 0.0173125
0 0.1379375 0.24479166666666666 0.01115625 0.015166666666666667
0 0.681640625 0.41341666666666665 0.04046875 0.03858333333333333