0 0.54296875 0.12083333333333333 0.05 0.06666666666666667
0 0.66328125 0.19583333333333333 0.0640625 0.07708333333333334
0 0.37421875 0.40625 0.0375 0.052083333333333336
0 0.578125 0.22291666666666668 0.040625 0.052083333333333336
0 0.63203125 0.265625 0.0515625 0.07083333333333333
0 0.40703125 0.5104166666666666 0.034375 0.052083333333333336
0 0.9483124999999999 0.4549583333333333 0.042453125 0.06608333333333333
0 0.323421875 0.460125 0.014890625 0.025458333333333336
0 0.22984374999999999 0.4013958333333333 0.015234375 0.028374999999999997
0 0.765421875 0.322375 0.016953125 0.041625
0 0.44642187499999997 0.4922083333333333 0.021328125 0.03872916666666667