0 0.93203125 0.6447916666666667 0.0625 0.06041666666666667
0 0.93671875 0.5541666666666667 0.053125 0.058333333333333334
0 0.73984375 0.11458333333333333 0.0640625 0.05416666666666667
0 0.83203125 0.37604166666666666 0.0453125 0.04583333333333333
0 0.35 0.53125 0.0296875 0.03958333333333333
0 0.50625 0.27291666666666664 0.0359375 0.052083333333333336
0 0.16953125 0.10520833333333333 0.0203125 0.022916666666666665
0 0.571875 0.47291666666666665 0.0234375 0.025
0 0.5671875 0.56875 0.028125 0.03125
0 0.55546875 0.6 0.04375 0.04583333333333333
0 0.0359375 0.2 0.0234375 0.027083333333333334
0 0.4515625 0.728125 0.0359375 0.041666666666666664