0 0.37109375 0.7395833333333334 0.030953124999999998 0.03539583333333333
0 0.5913125 0.3450625 0.038390625 0.0316875
0 0.08692187500000001 0.512375 0.041140625 0.045375000000000006
0 0.6953125 0.4726666666666667 0.01909375 0.0230625
0 0.1955625 0.5537083333333332 0.020796875 0.03135416666666667
0 0.1484375 0.706375 0.024609375 0.03783333333333334
0 0.80078125 0.4964166666666667 0.042484375000000005 0.057291666666666664
0 0.296875 0.31022916666666667 0.02784375 0.03658333333333333
0 0.63915625 0.20947916666666666 0.02253125 0.035083333333333334
0 0.43775000000000003 0.9316458333333333 0.030671874999999998 0.04845833333333334
0 0.8466875 0.6699166666666667 0.03896875 0.06429166666666666
0 0.494140625 0.19677083333333334 0.02446875 0.0356875
0 0.8984375 0.6162083333333332 0.028703125000000003 0.0439375
0 0.077203125 0.8867291666666667 0.020499999999999997 0.0316875
0 0.38525 0.15933333333333335 0.025468750000000002 0.044645833333333336
0 0.2731875 0.8632916666666667 0.020015625000000002 0.027166666666666665
0 0.286375 0.918625 0.03353125 0.0393125
0 0.762203125 0.48470833333333335 0.017515625 0.0259375
0 0.309578125 0.23177083333333334 0.023765625000000002 0.030291666666666665
0 0.074640625 0.9674583333333333 0.018015625 0.02625
0 0.284671875 0.373375 0.024234375 0.0389375
0 0.19239062499999998 0.9746041666666667 0.017046875 0.0253125
0 0.433109375 0.13216666666666665 0.023515625000000002 0.03333333333333333
0 0.47265625 0.0706875 0.0235625 0.03275
0 0.089109375 0.34960416666666666 0.05878124999999999 0.0705625
0 0.20801562499999998 0.9283958333333333 0.012375 0.019187500000000003
0 0.12903125 0.9544374999999999 0.015359375 0.034479166666666665
0 0.46753125000000006 0.5777916666666666 0.023703125 0.0330625
0 0.06396874999999999 0.19027083333333333 0.056640625 0.03783333333333334
0 0.452640625 0.14835416666666665 0.023328124999999998 0.029833333333333333