0 0.59765625 0.48333333333333334 0.040625 0.035416666666666666
0 0.390625 0.4239583333333333 0.0328125 0.04583333333333333
0 0.2578125 0.7145833333333333 0.0375 0.04583333333333333
0 0.92578125 0.2520833333333333 0.0375 0.05416666666666667
0 0.5109375 0.7083333333333334 0.03125 0.04791666666666667
0 0.27421875 0.165625 0.025 0.03958333333333333
0 0.76640625 0.8385416666666666 0.034375 0.041666666666666664
0 0.775828125 0.901375 0.023890625 0.042208333333333334
0 0.854265625 0.07389583333333333 0.02103125 0.0400625
0 0.125765625 0.4549583333333333 0.01890625 0.029020833333333333
0 0.06146875 0.7820416666666666 0.018765625 0.03502083333333333