0 0.8375 0.065625 0.0421875 0.04375
0 0.828125 0.3177083333333333 0.021875 0.029166666666666667
0 0.06328125 0.5072916666666667 0.028125 0.03125
0 0.0109375 0.2 0.021875 0.027083333333333334
0 0.45859375 0.5416666666666666 0.0171875 0.025
0 0.33359375 0.036458333333333336 0.025 0.0375
0 0.55703125 0.5854166666666667 0.0171875 0.022916666666666665
0 0.81640625 0.39375 0.015625 0.020833333333333332
0 0.5703125 0.98125 0.021875 0.03125
0 0.4703125 0.029166666666666667 0.01875 0.022916666666666665
0 0.27109375 0.18229166666666666 0.021875 0.029166666666666667