0 0.56796875 0.459375 0.0578125 0.07916666666666666
0 0.800171875 0.7346874999999999 0.196921875 0.1539375
0 0.88021875 0.5431666666666667 0.152484375 0.29741666666666666
0 0.77778125 0.37062500000000004 0.04134375 0.10008333333333333
0 0.27328125000000003 0.3312083333333333 0.0465625 0.07427083333333333
0 0.24178125 0.411 0.029015625 0.03310416666666667
0 0.212921875 0.052375 0.030953124999999998 0.06204166666666667
0 0.085359375 0.5546458333333334 0.048562499999999995 0.051437500000000004
0 0.048375 0.6499166666666666 0.062640625 0.056374999999999995
0 0.1685 0.5565416666666666 0.03303125 0.04764583333333334
0 0.22149999999999997 0.7834166666666668 0.028234375 0.0316875
0 0.21421874999999999 0.8778958333333333 0.044906249999999995 0.07672916666666667
0 0.248046875 0.9204375 0.057890624999999994 0.027604166666666666
0 0.68359375 0.5868333333333333 0.037640625 0.07793749999999999
0 0.87984375 0.273375 0.066484375 0.04952083333333333
0 0.8897187499999999 0.33947916666666667 0.032265625 0.0605
0 0.7904375 0.204625 0.0325625 0.052145833333333336
0 0.7834531250000001 0.14272916666666668 0.029984375 0.03822916666666667
0 0.71 0.031104166666666665 0.03646875 0.03845833333333334
0 0.729171875 0.07983333333333334 0.02084375 0.03741666666666667
0 0.661125 0.036458333333333336 0.026796874999999998 0.041562499999999995
0 0.19678125 0.11570833333333333 0.061171875 0.03720833333333333
0 0.050749999999999997 0.3489375 0.092984375 0.10214583333333334
0 0.7653125000000001 0.9385833333333333 0.0476875 0.06552083333333333
0 0.17154687500000002 0.15427083333333333 0.024906249999999998 0.023416666666666665
0 0.759765625 0.881 0.01953125 0.0375
0 0.668484375 0.8071666666666667 0.02446875 0.033749999999999995
0 0.70540625 0.8371875000000001 0.01878125 0.037000000000000005
0 0.255328125 0.23420833333333332 0.08451562500000001 0.11133333333333333