0 0.28984375 0.6270833333333333 0.046875 0.05416666666666667
0 0.0078125 0.24583333333333332 0.015625 0.041666666666666664
0 0.82025 0.59 0.063796875 0.118375
0 0.82284375 0.7423541666666666 0.023515625000000002 0.036708333333333336
0 0.781453125 0.635125 0.017468749999999998 0.04191666666666667
0 0.847421875 0.8512083333333333 0.075546875 0.0915625
0 0.867765625 0.7628333333333334 0.022468750000000003 0.03979166666666667
0 0.8901718750000001 0.9309166666666666 0.041703125 0.0615625
0 0.21065625 0.5073958333333334 0.029281249999999998 0.0440625
0 0.3036875 0.3567916666666667 0.024984375 0.02314583333333333
0 0.5905 0.30902083333333336 0.02759375 0.022312500000000002
0 0.43912500000000004 0.5019791666666666 0.0288125 0.052145833333333336
0 0.37740625 0.5953541666666666 0.075828125 0.060875