0 0.59375 0.5791666666666667 0.0625 0.058333333333333334
0 0.67734375 0.8479166666666667 0.021875 0.03125
0 0.515625 0.13020833333333334 0.03125 0.04583333333333333
0 0.18125 0.6208333333333333 0.0296875 0.041666666666666664
0 0.415625 0.309375 0.01875 0.029166666666666667
0 0.38828125 0.146875 0.021875 0.035416666666666666
0 0.47890625 0.9760416666666667 0.065625 0.04375
0 0.30842187499999996 0.7764583333333334 0.102953125 0.09333333333333332
0 0.917546875 0.5230416666666666 0.015640625 0.0309375
0 0.07834375 0.8249791666666667 0.1566875 0.1579583333333333
0 0.436875 0.5300833333333334 0.017453125 0.025958333333333337
0 0.403828125 0.47685416666666663 0.0193125 0.023666666666666666