0 0.08301562500000001 0.5455833333333333 0.021015625 0.0330625
0 0.50146875 0.5100833333333333 0.026546874999999998 0.034666666666666665
0 0.345703125 0.7369791666666666 0.030953124999999998 0.03877083333333333
0 0.391109375 0.9401041666666666 0.02225 0.032625
0 0.8559531249999999 0.7135416666666666 0.029375000000000002 0.0491875
0 0.23021875 0.6090416666666666 0.024140625 0.034479166666666665
0 0.423828125 0.6337916666666668 0.027265624999999998 0.03502083333333333
0 0.034421875000000005 0.6770833333333334 0.0219375 0.047125
0 0.75 0.33397916666666666 0.026203125 0.027687499999999997
0 0.40893750000000006 0.7714791666666667 0.03265625 0.05416666666666667
0 0.469234375 0.07291666666666667 0.01609375 0.029208333333333333
0 0.146484375 0.6585208333333333 0.019984375 0.02735416666666667
0 0.3569375 0.887375 0.0365 0.04845833333333334
0 0.8061562500000001 0.7011666666666667 0.01634375 0.029666666666666668
0 0.4921875 0.39160416666666664 0.026609375 0.04777083333333333
0 0.771 0.6559166666666666 0.013734374999999998 0.022375
0 0.411140625 0.28077083333333336 0.035484375 0.059041666666666666
0 0.810546875 0.5738958333333334 0.01640625 0.025166666666666667
0 0.511234375 0.142 0.016593749999999997 0.02402083333333333
0 0.8125 0.049041666666666664 0.04959375 0.08358333333333333
0 0.6694375 0.8880208333333334 0.0260625 0.03225
0 0.63525 0.9010416666666666 0.028109375 0.033499999999999995
0 0.073671875 0.4257916666666667 0.020765625 0.028708333333333332
0 0.22765624999999998 0.17089583333333333 0.021812500000000002 0.025604166666666664
0 0.765140625 0.04589583333333334 0.029203125000000003 0.03539583333333333
0 0.21179687500000002 0.6100208333333333 0.0205625 0.0308125
0 0.251953125 0.60775 0.025671875 0.03697916666666667
0 0.48315625000000006 0.8893333333333333 0.027171875 0.042