0 0.21796875 0.84375 0.05625 0.06458333333333334
0 0.61484375 0.9614583333333333 0.0453125 0.06875
0 0.93046875 0.08125 0.0359375 0.04583333333333333
0 0.62109375 0.8 0.025 0.0375
0 0.53046875 0.45625 0.0296875 0.04583333333333333
0 0.621875 0.5135416666666667 0.040625 0.04791666666666667
0 0.34375 0.828125 0.040625 0.06666666666666667
0 0.5 0.6354166666666666 0.028125 0.05
0 0.2890625 0.19895833333333332 0.0484375 0.06458333333333334
0 0.39140625 0.12708333333333333 0.0390625 0.05625
0 0.27109375 0.54375 0.0515625 0.058333333333333334
0 0.6754687500000001 0.5569375 0.017609375 0.03389583333333333