0 0.669921875 0.7539166666666667 0.01971875 0.023625
0 0.6435625 0.7571666666666667 0.01653125 0.023166666666666665
0 0.150390625 0.7389375 0.0315 0.03154166666666667
0 0.7475625 0.31022916666666667 0.01953125 0.029145833333333333
0 0.719234375 0.5898541666666667 0.014734375 0.020895833333333332
0 0.689453125 0.38866666666666666 0.015078125000000001 0.024729166666666667
0 0.79540625 0.08495833333333333 0.021015625 0.025791666666666668
0 0.718265625 0.088625 0.024796875 0.033
0 0.711921875 0.3450625 0.015953125000000002 0.0188125
0 0.870125 0.31818749999999996 0.0298125 0.04572916666666667
0 0.782234375 0.5097708333333333 0.016843749999999998 0.022125
0 0.8090781249999999 0.15787500000000002 0.01971875 0.025354166666666667
0 0.45043749999999994 0.05497916666666667 0.018515625 0.030041666666666668
0 0.1433125 0.5791041666666668 0.04821875 0.05510416666666666
0 0.8002968750000001 0.48470833333333335 0.019234375 0.0259375
0 0.739265625 0.24364583333333334 0.0304375 0.041749999999999995
0 0.8579062499999999 0.07983333333333334 0.0298125 0.03502083333333333
0 0.8852499999999999 0.2578125 0.01621875 0.027854166666666666
0 0.073546875 0.5192083333333334 0.027015624999999998 0.0289375
0 0.765625 0.24804166666666666 0.016593749999999997 0.0248125
0 0.781734375 0.19222916666666665 0.016468749999999997 0.021541666666666667
0 0.747078125 0.09985416666666666 0.011921875 0.0188125