0 0.646484375 0.8059999999999999 0.041234375000000004 0.058916666666666666
0 0.58446875 0.8763124999999999 0.02303125 0.0428125
0 0.33446875 0.49902083333333336 0.041625 0.050416666666666665
0 0.192140625 0.5589166666666666 0.019296874999999998 0.042895833333333334
0 0.9145468749999999 0.5800833333333333 0.034875 0.051270833333333335
0 0.301265625 0.7128958333333333 0.0378125 0.07185416666666668
0 0.010609375 0.4182916666666667 0.021234375 0.03922916666666666
0 0.305421875 0.5602291666666667 0.052703124999999997 0.05622916666666666
0 0.87890625 0.675125 0.034484375 0.05225
0 0.50928125 0.41341666666666665 0.052125 0.088625
0 0.275640625 0.47200000000000003 0.053593749999999996 0.09847916666666667
0 0.980890625 0.37272916666666667 0.03821875 0.07291666666666667
0 0.14209375 0.40658333333333335 0.04303125 0.08464583333333334
0 0.33959375 0.8730416666666667 0.0391875 0.06966666666666667
0 0.8125 0.8450624999999999 0.056546874999999996 0.10464583333333333
0 0.276125 0.3450625 0.05292187499999999 0.09822916666666666
0 0.296875 0.2459375 0.0546875 0.07722916666666667
0 0.641109375 0.7115833333333333 0.034609375 0.028874999999999998
0 0.72021875 0.8274791666666667 0.046546875 0.065875
0 0.276609375 0.65625 0.012968750000000001 0.025791666666666668
0 0.567390625 0.5367916666666667 0.009421875 0.035812500000000004
0 0.11859375000000001 0.3279583333333333 0.026265624999999997 0.037125
0 0.801765625 0.6090416666666666 0.0485 0.032
0 0.2685625 0.53125 0.019375 0.06335416666666667
0 0.79296875 0.765625 0.029203125000000003 0.036229166666666666
0 0.9604531250000001 0.2994791666666667 0.036625000000000005 0.07429166666666666
0 0.745609375 0.7643333333333333 0.061984375 0.07983333333333334
0 0.31128125 0.22802083333333334 0.031140624999999998 0.042979166666666666
0 0.7578125 0.7441458333333333 0.04459375 0.03697916666666667
0 0.9340781249999999 0.40070833333333333 0.04803125 0.13477083333333334
0 0.3151875 0.175625 0.015015625 0.015458333333333333
0 0.98084375 0.21075 0.038328125000000005 0.07752083333333333