0 0.31640625 0.29791666666666666 0.021875 0.029166666666666667
0 0.04296875 0.19166666666666668 0.01875 0.025
0 0.28984375 0.346875 0.01875 0.027083333333333334
0 0.39921875 0.48125 0.0234375 0.027083333333333334
0 0.4578125 0.5697916666666667 0.0171875 0.025
0 0.40546875 0.40520833333333334 0.0203125 0.03125
0 0.2765625 0.5260416666666666 0.0671875 0.08333333333333333
0 0.39609375 0.8447916666666667 0.01875 0.029166666666666667
0 0.1375 0.6010416666666667 0.021875 0.027083333333333334
0 0.0609375 0.6791666666666667 0.0203125 0.022916666666666665
0 0.3078125 0.625 0.0171875 0.022916666666666665
0 0.09375 0.625 0.0265625 0.03958333333333333
0 0.55546875 0.3020833333333333 0.01875 0.022916666666666665
0 0.4484375 0.6260416666666667 0.0265625 0.03125
0 0.48515625 0.6208333333333333 0.0234375 0.027083333333333334
0 0.3765625 0.990625 0.021875 0.014583333333333334
0 0.20546875 0.6364583333333333 0.01875 0.029166666666666667
0 0.27890625 0.878125 0.0140625 0.020833333333333332
0 0.14296875 0.45 0.01875 0.022916666666666665