0 0.767578125 0.44075000000000003 0.02153125 0.029541666666666667
0 0.715828125 0.3893333333333333 0.034296875 0.043041666666666666
0 0.16259375 0.45116666666666666 0.017781250000000002 0.026000000000000002
0 0.090578125 0.5683541666666667 0.030921874999999998 0.024166666666666666
0 0.588875 0.18147916666666666 0.0245625 0.03658333333333333
0 0.62353125 0.30843750000000003 0.036625000000000005 0.04083333333333334
0 0.9155312500000001 0.5859375 0.033078125 0.05835416666666667
0 0.241453125 0.62175 0.0231875 0.035270833333333335
0 0.8950156249999999 0.5231041666666667 0.03396875 0.03885416666666666
0 0.25415625 0.5817083333333334 0.014624999999999999 0.0228125
0 0.425296875 0.041749999999999995 0.0205625 0.028208333333333332
0 0.8310625 0.044875 0.024890625 0.037270833333333336
0 0.95703125 0.272625 0.040375 0.045375000000000006
0 0.23975 0.3032291666666667 0.019984375 0.028125
0 0.676265625 0.3802083333333333 0.015484375 0.0175
0 0.99609375 0.35872916666666665 0.007796875 0.0199375
0 0.776375 0.07966666666666668 0.030953124999999998 0.042979166666666666
0 0.138671875 0.796875 0.031734374999999995 0.029833333333333333
0 0.85840625 0.1150625 0.027953125000000002 0.03520833333333333
0 0.601078125 0.5335208333333333 0.013953125 0.015708333333333335
0 0.64696875 0.8476666666666667 0.02284375 0.0326875
0 0.70996875 0.9524791666666667 0.018375 0.029375
0 0.626953125 0.8007916666666667 0.01634375 0.022125
0 0.962890625 0.6442083333333334 0.01653125 0.021270833333333336
0 0.6328125 0.8815208333333333 0.029593750000000002 0.026395833333333334
0 0.9125937499999999 0.1516875 0.015671875 0.021625000000000002
0 0.668453125 0.24479166666666666 0.025750000000000002 0.030520833333333334
0 0.9282187499999999 0.14502083333333332 0.046390625000000005 0.03747916666666666
0 0.664546875 0.2687083333333333 0.031203124999999998 0.07441666666666666
0 0.70996875 0.9798125 0.012968750000000001 0.02425
0 0.895515625 0.22054166666666666 0.0174375 0.020479166666666666
0 0.9453125 0.2810833333333333 0.015671875 0.0195
0 0.23975 0.23535416666666667 0.0206875 0.04829166666666666
0 0.9360312499999999 0.229 0.01934375 0.01904166666666667
0 0.22265625 0.2825625 0.012531249999999999 0.020958333333333336
0 0.151640625 0.42135416666666664 0.040453125 0.0636875