0 0.23046875 0.48020833333333335 0.0640625 0.08333333333333333
0 0.305828125 0.2686458333333333 0.04375 0.08333333333333333
0 0.620125 0.32725000000000004 0.061281249999999995 0.10422916666666666
0 0.104078125 0.2933541666666667 0.0235 0.028854166666666667
0 0.23984375 0.04479166666666667 0.05354687500000001 0.04689583333333334
0 0.282828125 0.407375 0.054296875 0.10918749999999999
0 0.192265625 0.556625 0.0578125 0.09704166666666666
0 0.1939375 0.6431041666666667 0.066859375 0.09202083333333334
0 0.08859375 0.7355625 0.03796875 0.042041666666666665
0 0.050171875 0.3545416666666667 0.032171875 0.04139583333333333
0 0.030171874999999997 0.42589583333333336 0.0205625 0.03635416666666667
0 0.21395312500000002 0.8910625 0.05575 0.06141666666666667
0 0.7675156249999999 0.430875 0.03503125 0.05391666666666666
0 0.67803125 0.5318333333333334 0.05493749999999999 0.07779166666666668
0 0.356625 0.2672708333333333 0.028578125 0.05625
0 0.07270312500000001 0.19118749999999998 0.034625 0.0404375
0 0.553515625 0.12552083333333333 0.018953125 0.03410416666666667
0 0.38270312500000003 0.16125 0.023921875000000002 0.05629166666666666
0 0.561265625 0.18395833333333333 0.011734375 0.04114583333333333