0 0.1693125 0.46158333333333335 0.022578124999999998 0.029437500000000002
0 0.142703125 0.48112499999999997 0.027484375 0.035479166666666666
0 0.5185625 0.07002083333333334 0.045203125 0.04545833333333334
0 0.559578125 0.10114583333333332 0.03790625 0.041604166666666664
0 0.23351562499999998 0.3763125 0.018515625 0.02425
0 0.460453125 0.012354166666666666 0.04303125 0.023625
0 0.184453125 0.42904166666666665 0.01578125 0.0195625
0 0.23034374999999999 0.3893333333333333 0.038546875 0.0545625
0 0.279046875 0.08158333333333333 0.026000000000000002 0.03908333333333334
0 0.349609375 0.3479791666666667 0.013375000000000001 0.020166666666666666
0 0.46557812500000006 0.029604166666666668 0.072875 0.057937499999999996