0 0.35546875 0.8854166666666666 0.059375 0.0625
0 0.41328125 0.7760416666666666 0.0859375 0.07083333333333333
0 0.07265625 0.9010416666666666 0.1171875 0.1875
0 0.2609375 0.465625 0.121875 0.29583333333333334
0 0.0734375 0.5822916666666667 0.046875 0.06458333333333334
0 0.33671875 0.8072916666666666 0.040625 0.058333333333333334
0 0.303125 0.98125 0.04375 0.03333333333333333
0 0.80546875 0.9572916666666667 0.0625 0.08125
0 0.47578125 0.084375 0.06875 0.06041666666666667
0 0.75546875 0.8645833333333334 0.0328125 0.05
0 0.37825000000000003 0.06402083333333333 0.13496875 0.10362500000000001
0 0.536609375 0.0890625 0.07320312500000001 0.178125