0 0.45546875 0.5083333333333333 0.0359375 0.05
0 0.29765625 0.43020833333333336 0.0328125 0.041666666666666664
0 0.61328125 0.64375 0.0515625 0.07083333333333333
0 0.13828125 0.6385416666666667 0.0296875 0.04375
0 0.2640625 0.8447916666666667 0.046875 0.052083333333333336
0 0.39375 0.9354166666666667 0.0359375 0.04583333333333333
0 0.7546875 0.85 0.0296875 0.041666666666666664
0 0.93359375 0.06979166666666667 0.0671875 0.09166666666666666
0 0.05546875 0.42291666666666666 0.0328125 0.0375
0 0.60234375 0.7270833333333333 0.01875 0.025
0 0.12578125 0.009375 0.0453125 0.01875