0 0.72265625 0.9739583333333334 0.0609375 0.04791666666666667
0 0.66640625 0.875 0.0671875 0.06458333333333334
0 0.66796875 0.875 0.065625 0.06458333333333334
0 0.48784375 0.37845833333333334 0.0243125 0.0473125
0 0.25129687500000003 0.6792291666666667 0.030390624999999998 0.06552083333333333
0 0.2029375 0.7188958333333333 0.041281250000000005 0.05689583333333333
0 0.18321875 0.8144375 0.022671875 0.04429166666666667
0 0.39553125 0.8271875000000001 0.027171875 0.055875
0 0.129484375 0.05285416666666667 0.036734375 0.0720625
0 0.356234375 0.3589791666666667 0.024984375 0.0593125
0 0.46434375 0.8456041666666666 0.029656250000000002 0.03252083333333333
0 0.814265625 0.38739583333333333 0.027828125 0.03279166666666667
0 0.70490625 0.2986875 0.024390625 0.045187500000000005