0 0.637203125 0.6494166666666668 0.01571875 0.0188125
0 0.879890625 0.526375 0.015671875 0.017354166666666667
0 0.841796875 0.6875 0.018828125 0.01941666666666667
0 0.613765625 0.6744791666666666 0.020890625 0.018125
0 0.701171875 0.6673125 0.01490625 0.021541666666666667
0 0.96484375 0.6500625 0.01353125 0.0165
0 0.724609375 0.6816458333333333 0.022328124999999997 0.025458333333333336
0 0.62646875 0.6292291666666666 0.012140624999999999 0.015333333333333334
0 0.766609375 0.3398541666666667 0.01571875 0.0199375
0 0.7524375 0.3893333333333333 0.021859375 0.03325
0 0.587890625 0.8326875 0.015609375 0.029375
0 0.587890625 0.7929791666666667 0.0174375 0.020479166666666666
0 0.692390625 0.6458333333333334 0.012484375 0.017229166666666667
0 0.646 0.3279583333333333 0.025796875000000004 0.04658333333333333
0 0.8901406250000001 0.5432916666666666 0.012484375 0.016125
0 0.8051718749999999 0.43945833333333334 0.012828125000000001 0.0165
0 0.71728125 0.949875 0.01615625 0.0225625
0 0.915046875 0.7115833333333333 0.023140625 0.015229166666666665
0 0.652828125 0.28010416666666665 0.041140625 0.029604166666666668
0 0.663578125 0.9257916666666667 0.013218750000000001 0.01825
0 0.306640625 0.010541666666666666 0.013593749999999998 0.012687499999999999
0 0.396234375 0.009000000000000001 0.012531249999999999 0.011979166666666667
0 0.8061562500000001 0.3779375 0.01840625 0.027583333333333335
0 0.9887656249999999 0.671875 0.012625 0.02425
0 0.994921875 0.6822916666666666 0.010140625 0.04152083333333333
0 0.573734375 0.653 0.021281249999999998 0.018541666666666668
0 0.24010937499999999 0.2530833333333333 0.012625 0.015958333333333335
0 0.318359375 0.3095625 0.012421875 0.015770833333333335
0 0.8359375 0.45475 0.00959375 0.011479166666666667
0 0.896484375 0.50325 0.017374999999999998 0.019270833333333334