0 0.750984375 0.36425 0.02615625 0.03735416666666667
0 0.9477499999999999 0.5292916666666667 0.03228125 0.03841666666666667
0 0.739265625 0.26887500000000003 0.024281249999999997 0.04058333333333333
0 0.642578125 0.13614583333333333 0.0304375 0.0496875
0 0.321046875 0.8502708333333333 0.024515625 0.035958333333333335
0 0.661625 0.4036458333333333 0.03615625 0.0458125
0 0.073296875 0.46158333333333335 0.018609375 0.04829166666666666
0 0.307375 0.5136666666666667 0.019859375000000002 0.01941666666666667
0 0.187859375 0.56575 0.083125 0.05664583333333333
0 0.583984375 0.918625 0.039125 0.07854166666666668
0 0.5835 0.7298125 0.0263125 0.042145833333333334
0 0.61865625 0.7695416666666667 0.026546874999999998 0.0325625
0 0.6279375 0.18977083333333333 0.039546874999999995 0.04520833333333333
0 0.609375 0.076375 0.020499999999999997 0.0284375
0 0.310796875 0.893875 0.025859375 0.043125
0 0.12378125 0.6067708333333334 0.048765625 0.030104166666666664
0 0.743171875 0.310875 0.01525 0.03104166666666667
0 0.715828125 0.44727083333333334 0.01834375 0.019270833333333334
0 0.3154375 0.9296875 0.029875000000000002 0.047125
0 0.818359375 0.43554166666666666 0.058015625 0.07666666666666666
0 0.09459375 0.28060416666666665 0.04334375 0.14327083333333332
0 0.884890625 0.5108958333333333 0.04271875 0.058187499999999996