0 0.384375 0.6791666666666667 0.0390625 0.04375
0 0.39921875 0.75625 0.0640625 0.08541666666666667
0 0.34453125 0.8416666666666667 0.0421875 0.08541666666666667
0 0.38984375 0.10104166666666667 0.059375 0.08541666666666667
0 0.0875 0.31979166666666664 0.059375 0.06666666666666667
0 0.24453125 0.023958333333333335 0.0453125 0.04791666666666667
0 0.2015625 0.290625 0.03125 0.035416666666666666
0 0.42109375 0.434375 0.0328125 0.0625
0 0.29375 0.22916666666666666 0.025 0.03125
0 0.421875 0.23125 0.040625 0.041666666666666664
0 0.60234375 0.21041666666666667 0.028125 0.035416666666666666
0 0.4078125 0.022916666666666665 0.0484375 0.04583333333333333
0 0.271875 0.815625 0.0328125 0.03125
0 0.809375 0.075 0.0296875 0.025
0 0.52578125 0.30520833333333336 0.034375 0.041666666666666664
0 0.36875 0.9854166666666667 0.034375 0.025
0 0.62421875 0.253125 0.0265625 0.03125
0 0.06015625 0.8010416666666667 0.034375 0.03333333333333333