0 0.46953125 0.4197916666666667 0.0421875 0.04791666666666667
0 0.26328125 0.8677083333333333 0.053125 0.07291666666666667
0 0.46875 0.20208333333333334 0.040625 0.04791666666666667
0 0.03203125 0.49895833333333334 0.0640625 0.175
0 0.58828125 0.6864583333333333 0.0296875 0.05416666666666667
0 0.30546875 0.5364583333333334 0.0359375 0.04791666666666667
0 0.42440625 0.8053958333333333 0.0224375 0.035458333333333335
0 0.372578125 0.5196875 0.012515624999999999 0.02420833333333333
0 0.267234375 0.35152083333333334 0.01365625 0.03047916666666667
0 0.31506249999999997 0.31162500000000004 0.019 0.029416666666666664
0 0.39387500000000003 0.06833333333333333 0.020390625000000002 0.024270833333333335
0 0.347171875 0.07085416666666666 0.010312499999999999 0.029333333333333333
0 0.68509375 0.12925 0.01603125 0.030395833333333334
0 0.6641874999999999 0.3219375 0.01240625 0.02225
0 0.65471875 0.6880624999999999 0.021249999999999998 0.027625
0 0.46214062499999997 0.6008125 0.07573437499999999 0.07741666666666666
0 0.098 0.41991666666666666 0.018921874999999998 0.028395833333333335
0 0.691484375 0.07789583333333333 0.018390625 0.0388125