0 0.671875 0.21729166666666666 0.02284375 0.02795833333333333
0 0.915046875 0.33691666666666664 0.018015625 0.020166666666666666
0 0.9477499999999999 0.6383541666666667 0.020374999999999997 0.02272916666666667
0 0.8071249999999999 0.5556666666666668 0.02190625 0.024583333333333336
0 0.551265625 0.361 0.022578124999999998 0.030979166666666665
0 0.029984375 0.6204375 0.021984375 0.030770833333333334
0 0.5336875 0.41210416666666666 0.02328125 0.037625
0 0.982421875 0.7109375 0.023515625000000002 0.042
0 0.12598437499999998 0.5458958333333332 0.020796875 0.02745833333333333
0 0.20728125 0.2768541666666666 0.032234374999999996 0.03870833333333333
0 0.51953125 0.34310416666666665 0.02346875 0.03141666666666667
0 0.828125 0.44466666666666665 0.030921874999999998 0.04589583333333334
0 0.538578125 0.484375 0.015484375 0.02033333333333333
0 0.578125 0.9303333333333333 0.020796875 0.03395833333333333
0 0.10504687500000001 0.5628333333333334 0.02303125 0.03141666666666667
0 0.899421875 0.597 0.00978125 0.0125625
0 0.13403125 0.5159583333333333 0.0195625 0.028541666666666667
0 0.185796875 0.706375 0.02109375 0.022291666666666664
0 0.932625 0.370125 0.030375000000000003 0.0414375
0 0.507328125 0.8287708333333333 0.02215625 0.029
0 0.15332812499999998 0.40429166666666666 0.04015625 0.04320833333333333
0 0.895515625 0.33366666666666667 0.021124999999999998 0.026479166666666668
0 0.879890625 0.4388125 0.06396874999999999 0.06872916666666667
0 0.9497031249999999 0.6464791666666667 0.034609375 0.049104166666666664
0 0.917 0.9348958333333334 0.01390625 0.018395833333333333
0 0.9467812500000001 0.9752708333333333 0.023109374999999998 0.03252083333333333
0 0.14942187499999998 0.11800000000000001 0.0378125 0.07308333333333333
0 0.16528125 0.030645833333333334 0.041375 0.06127083333333334
0 0.8852499999999999 0.7480416666666667 0.01640625 0.019791666666666666
0 0.52734375 0.2986666666666667 0.009234375 0.013500000000000002
0 0.497078125 0.731125 0.01628125 0.020395833333333332
0 0.61571875 0.5377708333333333 0.063109375 0.08218750000000001
0 0.33471875 0.4280625 0.03515625 0.0414375
0 0.11676562500000001 0.432625 0.049953125 0.06672916666666667
0 0.93653125 0.431 0.048953125 0.0444375
0 0.669921875 0.023 0.0229375 0.0318125
0 0.37353125 0.4189375 0.044 0.04858333333333333
0 0.69775 0.034604166666666665 0.078484375 0.06722916666666667
0 0.02865625 0.7207083333333333 0.04715625 0.0980625
0 0.71728125 0.7988333333333333 0.046296875 0.07910416666666667
0 0.680046875 0.7045208333333334 0.071046875 0.10375
0 0.538578125 0.6022083333333333 0.065125 0.07808333333333332
0 0.9174843750000001 0.8398541666666667 0.056640625 0.06847916666666666
0 0.559578125 0.4166666666666667 0.01159375 0.018125
0 0.911140625 0.7513124999999999 0.066828125 0.060708333333333336
0 0.32715625 0.5712916666666668 0.0861875 0.08797916666666666
0 0.29689062499999996 0.09366666666666666 0.1840625 0.18733333333333332
0 0.5877343749999999 0.4552083333333333 0.064359375 0.1638125
0 0.2544375 0.6501458333333333 0.06443750000000001 0.11385416666666666
0 0.061765625000000005 0.9653125 0.03325 0.059000000000000004
0 0.11778124999999999 0.9099791666666667 0.055015625 0.17979166666666666
0 0.17128125 0.8520208333333333 0.07173437499999999 0.12406249999999999
0 0.232203125 0.7727291666666667 0.09809375000000001 0.11785416666666666
0 0.295171875 0.7229583333333333 0.0624375 0.09237500000000001
0 0.342265625 0.7079166666666666 0.048093750000000005 0.06227083333333334
0 0.348671875 0.9071250000000001 0.10128124999999999 0.1787291666666667
0 0.5246875 0.7637708333333334 0.03896875 0.08181250000000001
0 0.565015625 0.82175 0.0921875 0.12164583333333333
0 0.656609375 0.8325625 0.08059374999999999 0.062000000000000006
0 0.8044062500000001 0.9390208333333334 0.032421875 0.10825
0 0.34234375 0.4824791666666667 0.08051562500000001 0.06554166666666666
0 0.263359375 0.25535416666666666 0.071859375 0.07889583333333333
0 0.66475 0.6010416666666667 0.031609375 0.0538125
0 0.6305 0.6265000000000001 0.051484375000000006 0.10472916666666668
0 0.748546875 0.8907291666666667 0.06540625 0.16443750000000001