0 0.69921875 0.244625 0.014390625 0.012791666666666666
0 0.030156250000000002 0.40527083333333336 0.025171875 0.027166666666666665
0 0.0531875 0.3893333333333333 0.02390625 0.027854166666666666
0 0.42114062499999994 0.029895833333333333 0.029640624999999997 0.058479166666666665
0 0.30834375 0.8294374999999999 0.009890625 0.01875
0 0.66015625 0.7070416666666667 0.0199375 0.018979166666666665
0 0.7890625 0.6875 0.014234374999999999 0.015062500000000001
0 0.32278125 0.7782916666666666 0.013625000000000002 0.022895833333333334
0 0.31253125000000004 0.8067916666666667 0.0139375 0.01972916666666667
0 0.6743750000000001 0.4840625 0.022359375 0.022416666666666665
0 0.650625 0.4784791666666666 0.026937499999999996 0.043666666666666666
0 0.6661718750000001 0.513 0.021828125 0.035458333333333335