0 0.33228125 0.7233125 0.01634375 0.018604166666666665
0 0.536625 0.6119791666666666 0.025671875 0.0356875
0 0.829109375 0.5442708333333334 0.030796875 0.050333333333333334
0 0.620609375 0.12939583333333332 0.030109375 0.04747916666666666
0 0.8354531250000001 0.8522083333333333 0.027375 0.044187500000000005
0 0.321046875 0.27847916666666667 0.029921874999999997 0.04479166666666667
0 0.110109375 0.09072916666666667 0.028937499999999998 0.03658333333333333
0 0.47509375 0.5472083333333334 0.042484375000000005 0.05497916666666667
0 0.773921875 0.8684999999999999 0.02071875 0.026291666666666665
0 0.716796875 0.7949166666666667 0.039484375 0.06822916666666666
0 0.548828125 0.16633333333333333 0.03628125 0.05579166666666667
0 0.362796875 0.4404375 0.04525 0.049479166666666664
0 0.8042031250000001 0.5237708333333333 0.0145625 0.022208333333333333
0 0.718265625 0.2635 0.0206875 0.02654166666666667
0 0.65234375 0.21614583333333334 0.03875 0.04895833333333333
0 0.42651562500000006 0.5338541666666666 0.01771875 0.021208333333333333
0 0.765625 0.41862499999999997 0.048765625 0.05652083333333333
0 0.73975 0.2561875 0.051265625 0.040749999999999995
0 0.6904375 0.7207083333333333 0.041140625 0.049041666666666664
0 0.68896875 0.3515625 0.025859375 0.02795833333333333
0 0.8520468749999999 0.5338541666666666 0.0190625 0.03383333333333333
0 0.590328125 0.0530625 0.02084375 0.04858333333333333
0 0.63965625 0.778 0.022468750000000003 0.025500000000000002
0 0.41870312500000006 0.36685416666666665 0.029984375 0.03939583333333333
0 0.792484375 0.2146875 0.012828125000000001 0.021541666666666667
0 0.74121875 0.3623125 0.023421875 0.025604166666666664
0 0.75 0.4280625 0.018296875 0.021958333333333333
0 0.40893750000000006 0.41602083333333334 0.0298125 0.049104166666666664
0 0.5444375 0.10677083333333333 0.020515625000000003 0.02272916666666667