0 0.059750000000000004 0.5566458333333333 0.026500000000000003 0.034166666666666665
0 0.2263125 0.536125 0.017578125 0.027166666666666665
0 0.710453125 0.3186875 0.022765625 0.03429166666666667
0 0.544921875 0.1525 0.0225 0.03697916666666667
0 0.563484375 0.51725 0.02021875 0.025458333333333336
0 0.516109375 0.23991666666666667 0.018437500000000002 0.021625000000000002
0 0.651375 0.38379166666666664 0.02859375 0.029
0 0.530765625 0.20360416666666667 0.023140625 0.025354166666666667
0 0.057921875 0.4033125 0.023515625000000002 0.0365
0 0.758296875 0.5192083333333334 0.012484375 0.021041666666666667
0 0.8022500000000001 0.495125 0.018375 0.033625
0 0.059328124999999995 0.4752708333333333 0.02790625 0.04675
0 0.810546875 0.3971458333333333 0.025124999999999998 0.03520833333333333
0 0.51171875 0.07320833333333333 0.027265624999999998 0.0255625
0 0.17040625 0.42285416666666664 0.02828125 0.04272916666666667
0 0.57325 0.2582916666666667 0.02025 0.035895833333333335
0 0.31665625 0.352875 0.022421875 0.03402083333333333
0 0.359859375 0.07402083333333334 0.034937499999999996 0.043041666666666666
0 0.35034375 0.18229166666666666 0.035828125 0.028708333333333332
0 0.562984375 0.1050625 0.034296875 0.059895833333333336
0 0.7631875 0.2825625 0.03790625 0.049770833333333334
0 0.7915 0.24381250000000002 0.026765624999999998 0.035895833333333335
0 0.63428125 0.431 0.031921875 0.03858333333333333
0 0.286625 0.271 0.012421875 0.019874999999999997
0 0.3154375 0.13541666666666666 0.036625000000000005 0.05383333333333333
0 0.189203125 0.45897916666666666 0.021812500000000002 0.0284375
0 0.1849375 0.3714166666666667 0.026609375 0.02402083333333333
0 0.781734375 0.526375 0.01209375 0.016020833333333335
0 0.26440625 0.24185416666666668 0.012671874999999999 0.03154166666666667
0 0.810546875 0.42675 0.014171875 0.0163125
0 0.12493749999999999 0.18783333333333332 0.016468749999999997 0.0331875
0 0.078375 0.39908333333333335 0.020796875 0.021958333333333333
0 0.306390625 0.10041666666666667 0.021484375 0.0336875
0 0.7006875 0.352875 0.01628125 0.02264583333333333
0 0.07134375 0.3554791666666667 0.0190625 0.026354166666666668
0 0.26709375 0.20377083333333335 0.018375 0.024458333333333335
0 0.1380625 0.27749999999999997 0.010125 0.024395833333333335
0 0.20812499999999998 0.5185625 0.01390625 0.01933333333333333
0 0.530765625 0.045375000000000006 0.010562499999999999 0.016833333333333332
0 0.266359375 0.1314375 0.020140625000000002 0.0491875
0 0.347171875 0.0336875 0.043359375 0.060270833333333336
0 0.825203125 0.34960416666666666 0.00978125 0.024770833333333336
0 0.318109375 0.06672916666666667 0.031078125 0.07527083333333334
0 0.619625 0.38964583333333336 0.049046875000000004 0.04114583333333333
0 0.18262499999999998 0.48112499999999997 0.016921875 0.023625
0 0.78759375 0.3229166666666667 0.01640625 0.01875
0 0.126828125 0.38247916666666665 0.018187500000000002 0.025895833333333333
0 0.211296875 0.39225 0.017046875 0.0195625
0 0.573734375 0.0706875 0.022109375 0.0365
0 0.5415 0.017833333333333333 0.023234374999999998 0.03502083333333333
0 0.8217812500000001 0.45345833333333335 0.009640625 0.035479166666666666
0 0.210453125 0.29735416666666664 0.025046875000000003 0.03275
0 0.547359375 0.034395833333333334 0.0231875 0.04058333333333333