0 0.028437499999999998 0.557625 0.029921874999999997 0.04895833333333333
0 0.4091875 0.16683333333333333 0.025374999999999998 0.0336875
0 0.29321875 0.08797916666666666 0.020171875 0.02645833333333333
0 0.12475 0.6744791666666666 0.0350625 0.04014583333333333
0 0.125125 0.46158333333333335 0.034296875 0.0385
0 0.44067187499999994 0.5618541666666667 0.02784375 0.04675
0 0.3435 0.27116666666666667 0.027484375 0.04658333333333333
0 0.446296875 0.8886666666666667 0.033265625 0.050333333333333334
0 0.47559375 0.6243541666666667 0.01578125 0.02264583333333333
0 0.011484375 0.6386666666666667 0.022984375 0.05477083333333333
0 0.388671875 0.17529166666666668 0.01834375 0.027520833333333335
0 0.208625 0.5966875 0.05184375 0.057625
0 0.49145312499999994 0.8209583333333333 0.019859375000000002 0.034749999999999996
0 0.28515625 0.26464583333333336 0.024234375 0.03735416666666667
0 0.10210937499999999 0.7083333333333334 0.03259375 0.029083333333333336
0 0.49193749999999997 0.8600208333333333 0.024703125 0.030520833333333334
0 0.487796875 0.8834583333333333 0.0314375 0.0389375
0 0.42114062499999994 0.34570833333333334 0.0231875 0.03777083333333333
0 0.042328125 0.7317708333333334 0.027328124999999998 0.01825
0 0.13390625 0.16633333333333333 0.030921874999999998 0.06989583333333332
0 0.29565625 0.015708333333333335 0.025124999999999998 0.02802083333333333
0 0.29809375 0.03679166666666667 0.014953125000000001 0.018458333333333334
0 0.236140625 0.03225 0.02784375 0.0645