0 0.921875 0.74375 0.0515625 0.0625
0 0.8390625 0.496875 0.0921875 0.1125
0 0.85546875 0.5791666666666667 0.0578125 0.06041666666666667
0 0.91328125 0.8197916666666667 0.05 0.0625
0 0.775 0.6166666666666667 0.046875 0.08958333333333333
0 0.28359375 0.49270833333333336 0.1390625 0.1625
0 0.0890625 0.41041666666666665 0.1328125 0.15625
0 0.646875 0.90625 0.0953125 0.18333333333333332
0 0.021875 0.24791666666666667 0.04375 0.07083333333333333
0 0.7625 0.953125 0.084375 0.08333333333333333
0 0.4453125 0.5489583333333333 0.05 0.06666666666666667
0 0.81328125 0.39895833333333336 0.071875 0.06458333333333334
0 0.625 0.5541666666666667 0.0453125 0.06875
0 0.83984375 0.753125 0.040625 0.08125
0 0.8203125 0.7895833333333333 0.028125 0.05
0 0.26796875 0.9635416666666666 0.05625 0.06875
0 0.86953125 0.8760416666666667 0.025 0.04375
0 0.090625 0.084375 0.178125 0.09375
0 0.07734375 0.984375 0.078125 0.027083333333333334