0 0.9328125 0.11666666666666667 0.0390625 0.03958333333333333
0 0.21640625 0.59375 0.034375 0.03958333333333333
0 0.3765625 0.20833333333333334 0.0328125 0.03958333333333333
0 0.47578125 0.4322916666666667 0.0203125 0.03125
0 0.58828125 0.215625 0.025 0.029166666666666667
0 0.28359375 0.11666666666666667 0.0203125 0.027083333333333334
0 0.43125 0.37604166666666666 0.021875 0.027083333333333334
0 0.19375 0.3697916666666667 0.0203125 0.029166666666666667
0 0.721875 0.0125 0.03125 0.025
0 0.30390625 0.7395833333333334 0.025 0.0375
0 0.3078125 0.8635416666666667 0.021875 0.03125
0 0.68125 0.6520833333333333 0.0296875 0.03333333333333333