0 0.18984375 0.7791666666666667 0.021875 0.03125
0 0.563 0.3343125 0.03509375 0.06533333333333333
0 0.61090625 0.38837499999999997 0.0343125 0.06735416666666666
0 0.7166406249999999 0.30014583333333333 0.035562500000000004 0.0538125
0 0.64615625 0.4357916666666667 0.042296875 0.05235416666666667
0 0.7438281250000001 0.362375 0.024578125 0.05327083333333334
0 0.695921875 0.4650625 0.025374999999999998 0.035124999999999997
0 0.74925 0.4832916666666666 0.04678125 0.026166666666666668
0 0.768875 0.414875 0.017859375 0.044625000000000005
0 0.45015625000000004 0.3127083333333333 0.025328125 0.05620833333333333
0 0.49664062500000006 0.303 0.050093750000000006 0.048125
0 0.63078125 0.5108333333333334 0.039984375 0.0509375
0 0.5015468750000001 0.9005416666666667 0.025828125 0.07277083333333333
0 0.2900625 0.5598958333333334 0.0233125 0.035416666666666666
0 0.48243749999999996 0.6404375000000001 0.0330625 0.07531249999999999
0 0.45899999999999996 0.3924166666666667 0.011765625 0.026229166666666668