0 0.05625 0.9104166666666667 0.0640625 0.07916666666666666
0 0.58515625 0.85 0.16875 0.2916666666666667
0 0.503125 0.28125 0.0875 0.0875
0 0.440625 0.690625 0.10625 0.1375
0 0.57890625 0.7479166666666667 0.084375 0.08333333333333333
0 0.46796875 0.8510416666666667 0.0640625 0.09375
0 0.4484375 0.9541666666666667 0.1 0.0875
0 0.0828125 0.48020833333333335 0.1578125 0.17708333333333334
0 0.4046875 0.7979166666666667 0.19375 0.4
0 0.615625 0.159375 0.134375 0.12291666666666666
0 0.55390625 0.6302083333333334 0.109375 0.13333333333333333
0 0.4265625 0.014583333333333334 0.0671875 0.029166666666666667