0 0.28984375 0.253125 0.0359375 0.0375
0 0.38515625 0.5354166666666667 0.046875 0.052083333333333336
0 0.7765625 0.20520833333333333 0.0265625 0.04375
0 0.3125 0.46875 0.021875 0.027083333333333334
0 0.190625 0.5697916666666667 0.021875 0.035416666666666666
0 0.140625 0.41875 0.01875 0.022916666666666665
0 0.39296875 0.36354166666666665 0.01875 0.027083333333333334
0 0.00703125 0.896875 0.0140625 0.03333333333333333
0 0.58203125 0.915625 0.025 0.035416666666666666
0 0.159375 0.3645833333333333 0.0203125 0.027083333333333334
0 0.3296875 0.39791666666666664 0.028125 0.03958333333333333