0 0.4546875 0.88125 0.0359375 0.0375
0 0.79453125 0.5447916666666667 0.0453125 0.05625
0 0.4546875 0.5208333333333334 0.0296875 0.04375
0 0.77265625 0.8395833333333333 0.034375 0.041666666666666664
0 0.14765625 0.7645833333333333 0.05 0.0625
0 0.41640625 0.5489583333333333 0.0359375 0.06041666666666667
0 0.80859375 0.33229166666666665 0.03125 0.03333333333333333
0 0.2265625 0.3854166666666667 0.0375 0.03958333333333333
0 0.91015625 0.653125 0.0328125 0.05
0 0.4390625 0.3020833333333333 0.025 0.0375
0 0.74671875 0.305 0.031640625 0.03929166666666666
0 0.968515625 0.4828541666666667 0.027296874999999998 0.033875
0 0.23939062500000002 0.30385416666666665 0.023921875000000002 0.041604166666666664
0 0.710265625 0.8859999999999999 0.021234375 0.03927083333333334
0 0.859 0.0956875 0.016609375000000003 0.0234375
0 0.1286875 0.7127916666666666 0.028218749999999997 0.035416666666666666