0 0.5131875 0.48633333333333334 0.023078124999999998 0.03141666666666667
0 0.640140625 0.18620833333333334 0.01484375 0.025249999999999998
0 0.586921875 0.55925 0.03528125 0.0444375
0 0.67334375 0.8112083333333333 0.0145625 0.021708333333333333
0 0.611328125 0.0894375 0.03796875 0.04410416666666667
0 0.65771875 0.734375 0.017374999999999998 0.022375
0 0.651375 0.7018333333333333 0.015421874999999998 0.02264583333333333
0 0.624515625 0.07983333333333334 0.01390625 0.0238125
0 0.74853125 0.84375 0.09009375 0.13102083333333334
0 0.63671875 0.6071041666666667 0.027265624999999998 0.034749999999999996
0 0.65828125 0.6495416666666666 0.02371875 0.049416666666666664