0 0.5671875 0.46979166666666666 0.03125 0.04791666666666667
0 0.515625 0.4479166666666667 0.0265625 0.0375
0 0.59921875 0.575 0.0234375 0.035416666666666666
0 0.50546875 0.2677083333333333 0.0265625 0.03958333333333333
0 0.18671875 0.3416666666666667 0.025 0.0375
0 0.92578125 0.35833333333333334 0.0234375 0.03958333333333333
0 0.965625 0.228125 0.025 0.03125
0 0.5578125 0.9104166666666667 0.0203125 0.03333333333333333
0 0.58984375 0.6364583333333333 0.028125 0.035416666666666666
0 0.66640625 0.07395833333333333 0.021875 0.03125
0 0.26328125 0.6833333333333333 0.028125 0.03333333333333333