0 0.60703125 0.4375 0.03125 0.03958333333333333
0 0.17890625 0.5940624999999999 0.045296875 0.07722916666666667
0 0.22545312499999998 0.6307291666666667 0.051937500000000004 0.06722916666666667
0 0.8005625000000001 0.5225416666666667 0.032953125 0.0440625
0 0.616328125 0.8583541666666666 0.079234375 0.10204166666666666
0 0.03990625 0.5280416666666666 0.07129687500000001 0.0550625
0 0.687140625 0.4895833333333333 0.12142187499999998 0.08795833333333333
0 0.59715625 0.6446666666666666 0.026687499999999996 0.04210416666666667
0 0.20175 0.8853958333333334 0.028499999999999998 0.042479166666666665
0 0.199109375 0.9473541666666667 0.031734374999999995 0.04520833333333333
0 0.14784375 0.6582708333333334 0.037171875 0.06170833333333334
0 0.10710937499999999 0.7073958333333333 0.08354687499999999 0.09558333333333334
0 0.045406249999999995 0.7673958333333334 0.03965625 0.052708333333333336