0 0.79421875 0.63575 0.022468750000000003 0.03875
0 0.49096875000000006 0.6972708333333333 0.0174375 0.022916666666666665
0 0.702640625 0.5211666666666667 0.019234375 0.024958333333333336
0 0.675296875 0.5631458333333333 0.02009375 0.026354166666666668
0 0.62403125 0.6067708333333334 0.013953125 0.020645833333333332
0 0.46704687500000003 0.7356874999999999 0.020015625000000002 0.021791666666666668
0 0.202390625 0.45866666666666667 0.020171875 0.035958333333333335
0 0.58740625 0.7747499999999999 0.021984375 0.017562499999999998
0 0.41381249999999997 0.39160416666666664 0.01615625 0.022125
0 0.20495312499999999 0.370125 0.0136875 0.022041666666666668
0 0.6538125 0.5449166666666667 0.015296874999999998 0.016833333333333332
0 0.544921875 0.32927083333333335 0.0140625 0.018666666666666668
0 0.9321249999999999 0.20247916666666665 0.01428125 0.0163125
0 0.9721718750000001 0.025416666666666664 0.0305625 0.035083333333333334
0 0.62109375 0.7747499999999999 0.01634375 0.013770833333333335
0 0.1798125 0.588875 0.038109375 0.03429166666666667
0 0.23620312499999999 0.6263124999999999 0.01490625 0.022375
0 0.41259375 0.6992291666666667 0.013593749999999998 0.028874999999999998
0 0.45142187500000003 0.2944375 0.013484375000000002 0.0165625
0 0.301765625 0.5725833333333333 0.086796875 0.126875
0 0.548828125 0.5996041666666667 0.02109375 0.02675