0 0.165890625 0.175125 0.0235625 0.02772916666666667
0 0.1066875 0.13933333333333334 0.03365625 0.034874999999999996
0 0.8276406250000001 0.17154166666666668 0.024234375 0.041604166666666664
0 0.24206249999999999 0.38314583333333335 0.017046875 0.020479166666666666
0 0.065859375 0.765625 0.031015625 0.049854166666666665
0 0.57421875 0.45279166666666665 0.01584375 0.03116666666666667
0 0.265140625 0.33725 0.015953125000000002 0.026583333333333334
0 0.331296875 0.5507916666666667 0.01621875 0.020104166666666666
0 0.52978125 0.35254166666666664 0.02365625 0.051875
0 0.826171875 0.21533333333333332 0.036078125 0.04810416666666666
0 0.30321875 0.5074791666666667 0.032109375 0.05497916666666667
0 0.636234375 0.02675 0.014171875 0.0238125
0 0.8515625 0.81575 0.012046875 0.0234375
0 0.845125 0.3328541666666667 0.038609375 0.07227083333333333
0 0.171390625 0.09375 0.022671875 0.06310416666666667