0 0.7085 0.8958333333333334 0.02059375 0.029083333333333336
0 0.650875 0.8086041666666667 0.024656249999999998 0.03827083333333334
0 0.54834375 0.48339583333333336 0.01571875 0.02033333333333333
0 0.723640625 0.4414166666666667 0.023609375 0.02802083333333333
0 0.573734375 0.4869791666666667 0.017906250000000002 0.019874999999999997
0 0.7060625 0.421875 0.01678125 0.02272916666666667
0 0.682625 0.8795625 0.01653125 0.024916666666666667
0 0.702640625 0.5914791666666667 0.011421875 0.0160625
0 0.634765625 0.5364583333333334 0.013640625 0.019104166666666665
0 0.667 0.31754166666666667 0.021453125 0.021041666666666667
0 0.80371875 0.5582708333333334 0.020921875 0.0199375
0 0.544921875 0.981125 0.014234374999999999 0.024687499999999998
0 0.64209375 0.5686875 0.024703125 0.026583333333333334
0 0.57421875 0.9886666666666667 0.032109375 0.02264583333333333
0 0.78271875 0.5208333333333334 0.017781250000000002 0.0183125
0 0.6748125 0.5872499999999999 0.0121875 0.014541666666666668
0 0.53125 0.94075 0.015015625 0.018666666666666668
0 0.508796875 0.9765625 0.009093750000000001 0.0165
0 0.641109375 0.3325208333333334 0.014390625 0.0165
0 0.12598437499999998 0.060145833333333336 0.01196875 0.014208333333333333
0 0.41381249999999997 0.36620833333333336 0.014453125 0.018041666666666668
0 0.72559375 0.3876875 0.0121875 0.014750000000000001
0 0.7421875 0.9939166666666667 0.011921875 0.012166666666666666
0 0.586921875 0.5195416666666667 0.00871875 0.010291666666666668
0 0.782234375 0.6178333333333333 0.01871875 0.011479166666666667
0 0.687015625 0.8144583333333333 0.010125 0.012458333333333333
0 0.17996875 0.1314375 0.02659375 0.057916666666666665