0 0.45728125000000003 0.5527291666666667 0.017109375 0.0228125
0 0.720703125 0.6598333333333334 0.018046875 0.0261875
0 0.75634375 0.39518749999999997 0.042328125 0.0336875
0 0.3335 0.08252083333333333 0.034187499999999996 0.04564583333333334
0 0.787109375 0.5943958333333333 0.0365 0.0439375
0 0.55371875 0.699875 0.03365625 0.03945833333333334
0 0.958984375 0.3564375 0.072515625 0.03939583333333333
0 0.786140625 0.6490833333333333 0.039484375 0.07239583333333334
0 0.765625 0.5266875 0.08106250000000001 0.042312499999999996
0 0.521484375 0.5556666666666668 0.043609375 0.049958333333333334
0 0.29296875 0.3424583333333333 0.056859375000000004 0.10335416666666666
0 0.5703125 0.5374375 0.060765625000000004 0.05025
0 0.373296875 0.19727083333333334 0.053015625 0.06835416666666667
0 0.365234375 0.9707083333333333 0.0365625 0.05677083333333333
0 0.46557812500000006 0.9700624999999999 0.01353125 0.020166666666666666
0 0.581546875 0.8580833333333333 0.03284375 0.042979166666666666
0 0.411234375 0.647625 0.096765625 0.08566666666666665
0 0.568171875 0.6365833333333334 0.08078125 0.07745833333333334
0 0.45493750000000005 0.9213541666666667 0.05225 0.049770833333333334
0 0.40199999999999997 0.9894166666666667 0.01928125 0.014604166666666666