0 0.68653125 0.446625 0.01571875 0.020479166666666666
0 0.95703125 0.2827083333333333 0.02615625 0.028479166666666667
0 0.341796875 0.14656249999999998 0.013734374999999998 0.0253125
0 0.7265625 0.1171875 0.029375000000000002 0.021041666666666667
0 0.50390625 0.05464583333333333 0.020421875 0.0234375
0 0.43432812500000006 0.6207708333333334 0.026703125 0.03735416666666667
0 0.43724999999999997 0.6608125 0.029984375 0.04410416666666667
0 0.880859375 0.08204166666666667 0.04525 0.03777083333333333
0 0.193 0.058145833333333334 0.03371875 0.032625
0 0.9692343749999999 0.14177083333333332 0.02284375 0.021875
0 0.23718750000000002 0.6191458333333333 0.0364375 0.0323125
0 0.63184375 0.12533333333333332 0.023078124999999998 0.0321875
0 0.31275 0.32697916666666665 0.0388125 0.043291666666666666
0 0.16271875 0.0770625 0.024281249999999997 0.025020833333333332
0 0.336671875 0.6116458333333333 0.031140624999999998 0.06104166666666667
0 0.32934375 0.1153125 0.013328125 0.0230625
0 0.23498437499999997 0.7799583333333333 0.055296875 0.06135416666666667
0 0.5017343750000001 0.16668750000000002 0.052078124999999996 0.06820833333333334
0 0.3334375 0.18352083333333333 0.0175625 0.0278125