0 0.23125 0.40520833333333334 0.0234375 0.035416666666666666
0 0.96328125 0.35833333333333334 0.025 0.03333333333333333
0 0.3296875 0.35104166666666664 0.0265625 0.029166666666666667
0 0.10703125 0.56875 0.0203125 0.029166666666666667
0 0.51328125 0.5135416666666667 0.021875 0.0375
0 0.67265625 0.534375 0.0203125 0.03125
0 0.26328125 0.6583333333333333 0.0203125 0.025
0 0.83046875 0.43125 0.0703125 0.06458333333333334
0 0.8578125 0.32395833333333335 0.0296875 0.03958333333333333
0 0.56171875 0.4395833333333333 0.0578125 0.05416666666666667
0 0.815625 0.5927083333333333 0.021875 0.027083333333333334
0 0.85546875 0.6916666666666667 0.01875 0.027083333333333334
0 0.9875 0.5083333333333333 0.021875 0.03958333333333333