0 0.50684375 0.4961041666666667 0.01665625 0.01964583333333333
0 0.28540625 0.49902083333333336 0.01328125 0.018895833333333334
0 0.26684375 0.526375 0.01578125 0.019187500000000003
0 0.4555625 0.39387500000000003 0.014453125 0.020104166666666666
0 0.389890625 0.44856250000000003 0.011296875000000001 0.0165625
0 0.43090624999999994 0.42285416666666664 0.015187500000000001 0.020562499999999997
0 0.093328125 0.2524375 0.015125 0.03325
0 0.379890625 0.8463541666666666 0.013734374999999998 0.020645833333333332
0 0.35034375 0.5738958333333334 0.015296874999999998 0.013979166666666666
0 0.694828125 0.03835416666666667 0.025671875 0.0289375
0 0.43896875 0.8183541666666667 0.013125000000000001 0.015333333333333334
0 0.711421875 0.14347916666666669 0.01665625 0.0208125
0 0.254890625 0.234375 0.012968750000000001 0.02033333333333333
0 0.10089062499999998 0.1775625 0.010953125 0.01625
0 0.41796875 0.40397916666666667 0.0115 0.015229166666666665
0 0.64990625 0.17708333333333334 0.011875 0.015333333333333334
0 0.35571875 0.20800000000000002 0.012671874999999999 0.017562499999999998
0 0.680171875 0.8522083333333333 0.012828125000000001 0.017562499999999998
0 0.67725 0.14275 0.013125000000000001 0.017104166666666667
0 0.07409375 0.3623125 0.013484375000000002 0.020958333333333336
0 0.513671875 0.8268333333333333 0.01390625 0.015395833333333333
0 0.9702187500000001 0.9414166666666667 0.010906250000000001 0.0208125
0 0.762203125 0.7350208333333333 0.018609375 0.028645833333333332
0 0.288578125 0.16089583333333335 0.010984375000000001 0.014541666666666668
0 0.891609375 0.137125 0.022625 0.0308125
0 0.1066875 0.39941666666666664 0.022203125 0.024645833333333332
0 0.9493124999999999 0.14697916666666666 0.06742187499999999 0.198
0 0.157671875 0.36374999999999996 0.07781249999999999 0.10735416666666667