0 0.178953125 0.29183333333333333 0.022296875 0.027520833333333335
0 0.5078125 0.9348958333333334 0.015671875 0.022208333333333333
0 0.520015625 0.893875 0.013843749999999998 0.02002083333333333
0 0.48290625 0.9212291666666667 0.015546874999999998 0.019708333333333335
0 0.57275 0.5755208333333334 0.02271875 0.02272916666666667
0 0.9375 0.4440208333333333 0.016984375 0.018041666666666668
0 0.0485 0.7115833333333333 0.01953125 0.02722916666666667
0 0.354984375 0.6344375 0.025468750000000002 0.037125
0 0.73290625 0.9290416666666667 0.020374999999999997 0.027000000000000003
0 0.9438437499999999 0.7083333333333334 0.0231875 0.018541666666666668
0 0.9721718750000001 0.4375 0.020171875 0.022375
0 0.385015625 0.7109375 0.021484375 0.030354166666666668
0 0.340328125 0.33025000000000004 0.023140625 0.029604166666666668
0 0.37646875 0.175125 0.01665625 0.029895833333333333
0 0.586421875 0.39877083333333335 0.014328125 0.013250000000000001
0 0.8984375 0.14079166666666668 0.030796875 0.044520833333333336
0 0.20129687500000001 0.39941666666666664 0.015546874999999998 0.019791666666666666
0 0.36303125 0.31037499999999996 0.018609375 0.029729166666666664
0 0.8823281250000001 0.6673125 0.031609375 0.03116666666666667
0 0.8735312499999999 0.7005208333333334 0.018187500000000002 0.022458333333333334
0 0.78809375 0.6211041666666667 0.023109374999999998 0.025062499999999998
0 0.577640625 0.9622499999999999 0.01146875 0.012895833333333334
0 0.317625 0.6738333333333333 0.026265624999999997 0.043541666666666666
0 0.776375 0.5950624999999999 0.013843749999999998 0.0160625
0 0.3933125 0.33725 0.012375 0.018541666666666668
0 0.62403125 0.5237708333333333 0.016984375 0.03783333333333334
0 0.383296875 0.64225 0.01809375 0.0238125
0 0.34253125 0.3870416666666667 0.017906250000000002 0.0280625
0 0.322515625 0.7434999999999999 0.030796875 0.05054166666666667
0 0.875984375 0.18635416666666668 0.01665625 0.021208333333333333
0 0.29834375 0.19466666666666665 0.0115 0.017020833333333332
0 0.15137499999999998 0.41991666666666666 0.035953125 0.04564583333333334
0 0.276375 0.7929791666666667 0.018015625 0.024541666666666666
0 0.9957499999999999 0.4573541666666667 0.0085 0.017708333333333333
0 0.046718749999999996 0.7578125 0.018796874999999998 0.038125
0 0.297859375 0.7050833333333333 0.027734375 0.03747916666666666
0 0.8100625000000001 0.62175 0.015359375 0.022291666666666664
0 0.02434375 0.75325 0.0238125 0.057374999999999995
0 0.364015625 0.39941666666666664 0.012046875 0.017895833333333333
0 0.74853125 0.9583333333333334 0.013484375000000002 0.03339583333333333
0 0.388671875 0.2954166666666667 0.01178125 0.018395833333333333
0 0.039953125 0.12987500000000002 0.0365 0.04558333333333333
0 0.028218749999999997 0.8320416666666667 0.013953125 0.01904166666666667
0 0.822265625 0.6588541666666666 0.0364375 0.035479166666666666
0 0.23145312499999998 0.4036458333333333 0.02859375 0.041749999999999995
0 0.30053125 0.8984375 0.013796875 0.019270833333333334
0 0.19434374999999998 0.8632916666666667 0.0270625 0.04545833333333334
0 0.378421875 0.7454375 0.012140624999999999 0.014708333333333332
0 0.24975 0.8261666666666667 0.018187500000000002 0.035145833333333334
0 0.0131875 0.856125 0.026375 0.051395833333333335
0 0.1903125 0.43977083333333333 0.028703125000000003 0.021791666666666668
0 0.278078125 0.7441458333333333 0.034187499999999996 0.050979166666666666
0 0.38940625 0.1565 0.008609374999999999 0.015291666666666667
0 0.260015625 0.8997499999999999 0.041625 0.030916666666666665
0 0.309078125 0.3557916666666667 0.048578125 0.049604166666666664
0 0.703125 0.53125 0.01209375 0.015000000000000001
0 0.128046875 0.09985416666666666 0.011328125 0.0161875
0 0.997421875 0.5029375 0.005140625 0.0266875
0 0.300296875 0.43002083333333335 0.020296875 0.050625
0 0.112421875 0.22183333333333335 0.026109375 0.039
0 0.21387499999999998 0.8066458333333333 0.02590625 0.043125
0 0.177 0.8378958333333333 0.023765625000000002 0.03141666666666667
0 0.20910937500000001 0.9270833333333334 0.02390625 0.024125
0 0.26709375 0.38866666666666666 0.0454375 0.050625
0 0.9877968750000001 0.4573541666666667 0.012921875 0.015645833333333335
0 0.07696875 0.07254166666666667 0.027375 0.042229166666666665
0 0.170046875 0.8763124999999999 0.037109375 0.057291666666666664
0 0.094 0.5927708333333332 0.011546875 0.016458333333333335
0 0.034484375 0.5472083333333334 0.015187500000000001 0.025249999999999998
0 0.240484375 0.7962291666666667 0.0298125 0.03791666666666667
0 0.0935 0.5654375 0.010374999999999999 0.025249999999999998
0 0.07396875 0.38247916666666665 0.029249999999999998 0.028833333333333332
0 0.08106250000000001 0.29183333333333333 0.04578125 0.058145833333333334
0 0.071046875 0.142 0.009093750000000001 0.011625
0 0.020796875 0.5429791666666667 0.021703125 0.02675
0 0.135984375 0.93425 0.060421875 0.08747916666666668
0 0.0268125 0.17154166666666668 0.05090625 0.055374999999999994
0 0.10614062500000002 0.08545833333333334 0.024890625 0.02802083333333333
0 0.12451562499999999 0.06254166666666666 0.0280625 0.043854166666666666