0 0.321875 0.46458333333333335 0.040625 0.04583333333333333
0 0.67421875 0.47708333333333336 0.028125 0.04375
0 0.3609375 0.5604166666666667 0.0375 0.05
0 0.08984375 0.4010416666666667 0.040625 0.041666666666666664
0 0.31796875 0.9604166666666667 0.04375 0.05
0 0.6578125 0.5322916666666667 0.025 0.03125
0 0.5359375 0.21666666666666667 0.0421875 0.05625
0 0.434375 0.43020833333333336 0.028125 0.0375
0 0.6234375 0.5958333333333333 0.025 0.04375
0 0.55546875 0.296875 0.03125 0.04583333333333333
0 0.278125 0.4427083333333333 0.0203125 0.029166666666666667
0 0.7046875 0.865625 0.0203125 0.027083333333333334