0 0.9252812499999999 0.37933333333333336 0.06646875 0.09095833333333332
0 0.416390625 0.420375 0.10318750000000002 0.0859375
0 0.8792500000000001 0.21064583333333334 0.051125 0.08691666666666667
0 0.953296875 0.20891666666666667 0.060015624999999996 0.0683125
0 0.42471875 0.10433333333333333 0.059671875 0.12054166666666667
0 0.530796875 0.24816666666666667 0.0416875 0.05589583333333333
0 0.04559375 0.49585416666666665 0.08265625 0.058875000000000004
0 0.406640625 0.5802083333333333 0.114421875 0.0911875
0 0.40896875 0.8320208333333333 0.039531250000000004 0.072125
0 0.657578125 0.6288333333333332 0.056625 0.1013125
0 0.817609375 0.8705833333333334 0.021578125 0.058333333333333334
0 0.78578125 0.8951250000000001 0.023265625 0.050562499999999996
0 0.6444687499999999 0.779875 0.055984374999999996 0.09658333333333333
0 0.946078125 0.8427083333333333 0.022828124999999998 0.04802083333333333
0 0.9817031249999999 0.9756458333333333 0.025921875 0.04872916666666667
0 0.785140625 0.7633541666666667 0.016296875 0.03325
0 0.6766875 0.5314791666666667 0.049390625 0.09225
0 0.671515625 0.45395833333333335 0.01634375 0.024291666666666666
0 0.334546875 0.30239583333333336 0.035562500000000004 0.06585416666666667
0 0.567453125 0.19445833333333334 0.024125 0.03941666666666667
0 0.526015625 0.3665 0.026453125 0.031229166666666665
0 0.47965625 0.5864791666666667 0.030343750000000003 0.09239583333333333
0 0.4944375 0.7474166666666666 0.040031250000000004 0.073375
0 0.51090625 0.8580208333333333 0.036015625 0.08620833333333335