0 0.4 0.5052083333333334 0.04375 0.05416666666666667
0 0.16015625 0.25416666666666665 0.040625 0.0625
0 0.65 0.4635416666666667 0.034375 0.04583333333333333
0 0.584375 0.9552083333333333 0.03125 0.052083333333333336
0 0.628125 0.7270833333333333 0.0296875 0.04583333333333333
0 0.91328125 0.5072916666666667 0.0328125 0.041666666666666664
0 0.2671875 0.34479166666666666 0.034375 0.04791666666666667
0 0.94921875 0.016666666666666666 0.03125 0.03333333333333333
0 0.12625 0.39087500000000003 0.01290625 0.025854166666666668
0 0.570140625 0.774875 0.01875 0.03922916666666666
0 0.46165625 0.5842916666666667 0.013578125 0.0330625