0 0.868171875 0.12362500000000001 0.019765625000000002 0.0188125
0 0.8911093749999999 0.09285416666666667 0.015421874999999998 0.01933333333333333
0 0.8491250000000001 0.12622916666666667 0.016015625 0.016125
0 0.1954375 0.42220833333333335 0.024281249999999997 0.023625
0 0.49682812500000006 0.07735416666666667 0.015187500000000001 0.0165
0 0.8881875000000001 0.28710416666666666 0.025124999999999998 0.029041666666666667
0 0.599609375 0.4791666666666667 0.01609375 0.03697916666666667
0 0.6123125 0.7037708333333333 0.010296875 0.013666666666666666
0 0.376953125 0.654625 0.009671875 0.0243125
0 0.7631875 0.5761666666666667 0.012968750000000001 0.014812500000000001
0 0.26953125 0.22770833333333332 0.019203124999999998 0.032625
0 0.859375 0.3123333333333333 0.0190625 0.023875
0 0.53028125 0.259125 0.014109374999999999 0.017291666666666667
0 0.300296875 0.62175 0.009265625 0.016708333333333332
0 0.055203125 0.6630833333333332 0.013953125 0.0199375
0 0.853515625 0.09985416666666666 0.023609375 0.018187500000000002
0 0.586921875 0.4495416666666667 0.0108125 0.0161875
0 0.37646875 0.5615208333333332 0.010906250000000001 0.013145833333333332
0 0.028375 0.5374375 0.018125 0.023708333333333335
0 0.16246875 0.45637500000000003 0.01490625 0.02264583333333333
0 0.528328125 0.11735416666666666 0.010374999999999999 0.014145833333333333
0 0.6118125 0.4469375 0.011375 0.015583333333333334
0 0.24679687499999997 0.4760625 0.031796875 0.0249375
0 0.1314375 0.3865416666666667 0.03025 0.035708333333333335
0 0.11060937500000001 0.781125 0.016359375000000002 0.023958333333333335
0 0.07976562499999999 0.6239791666666666 0.027968749999999997 0.021833333333333333