0 0.58671875 0.6625 0.125 0.17083333333333334
0 0.6992812500000001 0.47125 0.088890625 0.10810416666666667
0 0.617546875 0.41925 0.056125 0.11020833333333332
0 0.1744375 0.5785625 0.079 0.12200000000000001
0 0.07179687500000001 0.6590416666666666 0.10665625000000001 0.11247916666666667
0 0.20059375 0.170875 0.065953125 0.0755625
0 0.78984375 0.16924999999999998 0.062640625 0.07608333333333334
0 0.63846875 0.062000000000000006 0.08657812499999999 0.05102083333333333
0 0.927609375 0.05452083333333334 0.03703125 0.05497916666666667
0 0.80165625 0.042124999999999996 0.04934375 0.0605
0 0.820703125 0.5006041666666666 0.0505 0.04939583333333333
0 0.294390625 0.16175 0.029125 0.049749999999999996
0 0.099375 0.2714166666666667 0.022609375 0.034208333333333334
0 0.730140625 0.14979166666666668 0.031296875 0.029625000000000002