0 0.57265625 0.5010416666666667 0.0296875 0.04583333333333333
0 0.18984375 0.5927083333333333 0.025 0.0375
0 0.0921875 0.296875 0.034375 0.041666666666666664
0 0.21015625 0.26666666666666666 0.046875 0.05
0 0.28359375 0.071875 0.03125 0.041666666666666664
0 0.2640625 0.2916666666666667 0.03125 0.03958333333333333
0 0.43046875 0.6645833333333333 0.0234375 0.03125
0 0.5984375 0.875 0.0328125 0.05
0 0.531171875 0.005354166666666666 0.014640624999999999 0.010729166666666668
0 0.531328125 0.0815625 0.014953125000000001 0.013375
0 0.7142031249999999 0.0564375 0.012734375000000001 0.016958333333333336
0 0.51078125 0.43866666666666665 0.014234374999999999 0.01872916666666667
0 0.168671875 0.3002916666666666 0.0318125 0.0534375
0 0.544390625 0.059604166666666666 0.016609375000000003 0.022041666666666668
0 0.6135625 0.06075 0.013609375000000002 0.01975