0 0.197015625 0.404625 0.022078125 0.0321875
0 0.9379843749999999 0.3479791666666667 0.042484375000000005 0.03989583333333333
0 0.966796875 0.11841666666666667 0.029875000000000002 0.03945833333333334
0 0.288578125 0.7298125 0.023109374999999998 0.042145833333333334
0 0.9248125 0.09456250000000001 0.0225 0.025104166666666667
0 0.26075 0.793625 0.051546875000000006 0.05264583333333333
0 0.248046875 0.71875 0.019984375 0.020395833333333332
0 0.2160625 0.3139583333333333 0.030953124999999998 0.03720833333333333
0 0.92578125 0.05622916666666666 0.017640625 0.0234375
0 0.27978125 0.2926458333333333 0.021234375 0.024583333333333336
0 0.5905 0.1686875 0.038640625 0.06758333333333333