0 0.40390625 0.5363333333333333 0.031765625 0.07197916666666666
0 0.18359375 0.33497916666666666 0.028640624999999996 0.05816666666666667
0 0.197140625 0.30924999999999997 0.03378125 0.043854166666666666
0 0.44800000000000006 0.5680416666666667 0.022296875 0.034395833333333334
0 0.17040625 0.2669375 0.040531250000000005 0.05485416666666666
0 0.145140625 0.3020833333333333 0.038609375 0.050416666666666665
0 0.346921875 0.23210416666666667 0.041625 0.058791666666666666
0 0.43653125 0.5338541666666666 0.01628125 0.028604166666666667
0 0.33178125 0.7545625 0.098265625 0.16593750000000002
0 0.53125 0.16252083333333334 0.08478125 0.06979166666666667
0 0.40064062500000003 0.6399791666666667 0.046484375 0.07145833333333333
0 0.51171875 0.17610416666666667 0.044921875 0.030104166666666664
0 0.529296875 0.08747916666666668 0.025421875 0.02335416666666667
0 0.519046875 0.10579166666666667 0.033015625 0.0400625
0 0.762703125 0.20133333333333334 0.03615625 0.0428125
0 0.56884375 0.12516666666666668 0.024703125 0.026791666666666665
0 0.16504687499999998 0.3720625 0.07825 0.1345208333333333
0 0.672859375 0.042479166666666665 0.015187500000000001 0.025249999999999998
0 0.725125 0.23291666666666666 0.020578125 0.034583333333333334
0 0.66553125 0.21533333333333332 0.010562499999999999 0.020895833333333332
0 0.6899375 0.24691666666666665 0.017906250000000002 0.0228125