0 0.5493125 0.9016875 0.021046875 0.06835416666666667
0 0.524421875 0.3802083333333333 0.014671875000000001 0.012354166666666666
0 0.34278125 0.8411458333333334 0.017046875 0.029770833333333333
0 0.422859375 0.38183333333333336 0.017906250000000002 0.015104166666666667
0 0.551765625 0.831375 0.019234375 0.02802083333333333
0 0.50703125 0.505125 0.0296875 0.0234375
0 0.464359375 0.49966666666666665 0.01815625 0.021270833333333336
0 0.46215624999999994 0.5221458333333333 0.016984375 0.018541666666666668
0 0.629390625 0.4856875 0.012875000000000001 0.017708333333333333
0 0.13965624999999998 0.33025000000000004 0.018515625 0.0230625
0 0.499515625 0.5364583333333334 0.026921875 0.045125
0 0.317875 0.5442708333333334 0.018484375 0.026083333333333333
0 0.11840625 0.2890625 0.02640625 0.03085416666666667
0 0.328859375 0.5996041666666667 0.012234375 0.0165625
0 0.5336875 0.8177083333333334 0.01653125 0.021125