0 0.49312500000000004 0.4880833333333333 0.05575 0.04454166666666667
0 0.53028125 0.4339166666666667 0.0390625 0.051875
0 0.578609375 0.4414166666666667 0.039281250000000004 0.05435416666666667
0 0.317140625 0.13029166666666667 0.017859375 0.024958333333333336
0 0.7993125 0.2200625 0.0235625 0.029145833333333333
0 0.40528125 0.49022916666666666 0.0391875 0.032625
0 0.440921875 0.4879583333333333 0.0110625 0.012958333333333332
0 0.42456250000000006 0.24935416666666665 0.061312500000000006 0.06872916666666667
0 0.35571875 0.17920833333333333 0.020640625000000003 0.021458333333333336
0 0.763671875 0.2773541666666667 0.01390625 0.01625
0 0.8325156249999999 0.3255208333333333 0.0235625 0.033125
0 0.49731249999999994 0.40168750000000003 0.022328124999999997 0.022041666666666668
0 0.626953125 0.69075 0.287359375 0.1915625