0 0.44018750000000006 0.36393749999999997 0.023078124999999998 0.02272916666666667
0 0.0260625 0.2750625 0.019796875 0.0255625
0 0.155390625 0.4873125 0.023140625 0.025354166666666667
0 0.362546875 0.35122916666666665 0.017374999999999998 0.015583333333333334
0 0.4765625 0.404625 0.043125000000000004 0.0473125
0 0.310296875 0.317875 0.01390625 0.014750000000000001
0 0.331546875 0.23991666666666667 0.02153125 0.034333333333333334
0 0.390375 0.48991666666666667 0.01871875 0.015583333333333334
0 0.5234375 0.7050833333333333 0.0419375 0.042229166666666665
0 0.288328125 0.44335416666666666 0.028968749999999998 0.025166666666666667
0 0.500484375 0.3945416666666667 0.06671875000000001 0.050812500000000003
0 0.285890625 0.26545833333333335 0.01584375 0.018395833333333333
0 0.630859375 0.6933541666666667 0.01909375 0.0405
0 0.259765625 0.22608333333333333 0.022796875 0.016833333333333332
0 0.240875 0.4696458333333334 0.16899999999999998 0.22864583333333333
0 0.5430312500000001 0.6431458333333333 0.027468749999999997 0.05875
0 0.44870312500000004 0.6248333333333334 0.02709375 0.029812500000000002
0 0.640625 0.7070416666666667 0.072078125 0.16364583333333332
0 0.399421875 0.38216666666666665 0.04178125 0.08102083333333333