0 0.487796875 0.6230416666666667 0.02303125 0.022458333333333334
0 0.593265625 0.6054791666666667 0.01578125 0.019791666666666666
0 0.46996874999999994 0.49772916666666667 0.01584375 0.01933333333333333
0 0.9106406249999999 0.38054166666666667 0.073421875 0.0926875
0 0.40771875 0.16504166666666667 0.032046875 0.033
0 0.67090625 0.5074791666666667 0.01615625 0.021875
0 0.460453125 0.44433333333333336 0.02096875 0.021958333333333333
0 0.531734375 0.6204375 0.02253125 0.0370625
0 0.61475 0.49935416666666665 0.015609375 0.02272916666666667
0 0.23596875 0.2638333333333333 0.03528125 0.03916666666666667
0 0.918953125 0.23485416666666667 0.03228125 0.04883333333333333
0 0.577640625 0.3081041666666666 0.025718750000000002 0.029208333333333333
0 0.619140625 0.3707708333333333 0.0190625 0.020729166666666667
0 0.70234375 0.39575 0.0140625 0.033875
0 0.85840625 0.4166666666666667 0.025796875000000004 0.03147916666666666
0 0.680171875 0.36620833333333336 0.013734374999999998 0.021208333333333333
0 0.901375 0.4726666666666667 0.019375 0.023
0 0.219484375 0.4322916666666667 0.02640625 0.030104166666666664
0 0.25415625 0.37564583333333335 0.03265625 0.042479166666666665
0 0.71875 0.6132916666666667 0.019203124999999998 0.02325
0 0.8852499999999999 0.28125 0.030375000000000003 0.03870833333333333
0 0.54296875 0.3167291666666667 0.026703125 0.029249999999999998
0 0.857421875 0.25814583333333335 0.01590625 0.018979166666666665
0 0.058234375000000005 0.29020833333333335 0.0231875 0.030520833333333334
0 0.685546875 0.7695416666666667 0.015421874999999998 0.021041666666666667
0 0.822265625 0.5374375 0.018187500000000002 0.024583333333333336
0 0.54590625 0.6419374999999999 0.01484375 0.01825
0 0.0731875 0.35254166666666664 0.017984375 0.020958333333333336
0 0.51415625 0.18489583333333334 0.018265625 0.023625
0 0.8461874999999999 0.5052083333333334 0.022078125 0.03377083333333333
0 0.645015625 0.342125 0.009671875 0.015895833333333335
0 0.5913125 0.37435416666666665 0.010374999999999999 0.013500000000000002
0 0.8515625 0.10929166666666666 0.013953125 0.02335416666666667
0 0.42040625 0.4609375 0.01065625 0.013500000000000002
0 0.43334374999999997 0.6972708333333333 0.014624999999999999 0.01825
0 0.69921875 0.6468125 0.012296875 0.015291666666666667
0 0.640140625 0.4348958333333333 0.0095625 0.013083333333333334
0 0.8295937500000001 0.05695833333333333 0.013953125 0.016895833333333332
0 0.7216875 0.3401666666666667 0.012625 0.014645833333333334
0 0.3830625 0.6471458333333333 0.01615625 0.022041666666666668
0 0.66259375 0.24479166666666666 0.0091875 0.014083333333333333
0 0.747078125 0.14550000000000002 0.01178125 0.015708333333333335
0 0.34765625 0.6679791666666667 0.017296875 0.03575
0 0.611328125 0.57975 0.01428125 0.019708333333333335
0 0.3855 0.6953125 0.010125 0.0143125
0 0.6538125 0.47720833333333335 0.00996875 0.0131875
0 0.335203125 0.59375 0.011375 0.012791666666666666
0 0.51025 0.40397916666666667 0.01159375 0.014416666666666666
0 0.787109375 0.6731874999999999 0.013843749999999998 0.02002083333333333
0 0.564453125 0.609375 0.03396875 0.0320625