0 0.86328125 0.2830416666666667 0.031796875 0.03685416666666667
0 0.37621875 0.7076875 0.04015625 0.03960416666666667
0 0.45092187499999997 0.37695833333333334 0.02975 0.024583333333333336
0 0.525875 0.5113958333333334 0.048578125 0.0758125
0 0.26415625 0.26416666666666666 0.013796875 0.01941666666666667
0 0.44115624999999997 0.6171875 0.025328125 0.031229166666666665
0 0.786140625 0.2926458333333333 0.021328125 0.017229166666666667
0 0.9585000000000001 0.11841666666666667 0.0376875 0.04114583333333333
0 0.47021875 0.4336041666666667 0.017249999999999998 0.021125
0 0.48290625 0.6292291666666666 0.013593749999999998 0.013145833333333332
0 0.426265625 0.48762500000000003 0.04525 0.045125
0 0.380859375 0.28077083333333336 0.031734374999999995 0.0284375
0 0.73828125 0.4140625 0.02190625 0.021354166666666667
0 0.880859375 0.11735416666666666 0.028015625 0.033625
0 0.427734375 0.43033333333333335 0.025515624999999997 0.0325625
0 0.567875 0.4104791666666667 0.0174375 0.020645833333333332
0 0.51709375 0.5852916666666667 0.014234374999999999 0.016958333333333336
0 0.29809375 0.6582083333333333 0.046546875 0.03983333333333334
0 0.4086875 0.564125 0.02071875 0.034541666666666665
0 0.713875 0.4348958333333333 0.029640624999999997 0.026354166666666668
0 0.28125 0.20475000000000002 0.014953125000000001 0.022208333333333333
0 0.60790625 0.8502708333333333 0.017578125 0.022458333333333334
0 0.48340625 0.546875 0.045015625 0.046875
0 0.516796875 0.342125 0.04140625 0.0550625
0 0.525390625 0.43847916666666664 0.034937499999999996 0.051104166666666666
0 0.525875 0.6940208333333333 0.033328125 0.0400625
0 0.598640625 0.6920625 0.016015625 0.029541666666666667
0 0.739265625 0.9752708333333333 0.0298125 0.039749999999999994
0 0.61328125 0.5628333333333334 0.018609375 0.019874999999999997
0 0.6274375 0.19922916666666665 0.018984375 0.0364375