0 0.528328125 0.5644583333333333 0.093203125 0.08960416666666667
0 0.675296875 0.3473333333333333 0.0625625 0.06733333333333333
0 0.43189062500000003 0.14370833333333335 0.031015625 0.0230625
0 0.344484375 0.29133333333333333 0.191046875 0.19970833333333332
0 0.661140625 0.5042291666666666 0.13684375 0.18066666666666667
0 0.441890625 0.4961041666666667 0.04015625 0.058145833333333334
0 0.637203125 0.432625 0.01609375 0.015229166666666665
0 0.65234375 0.40852083333333333 0.012625 0.012458333333333333
0 0.366453125 0.2540625 0.018265625 0.01583333333333333
0 0.32325 0.16975 0.02165625 0.0280625
0 0.2731875 0.28841666666666665 0.017249999999999998 0.029770833333333333
0 0.83496875 0.2888958333333333 0.014671875000000001 0.016395833333333335
0 0.40356249999999994 0.27749999999999997 0.01428125 0.015770833333333335
0 0.8422812499999999 0.12183333333333332 0.015359375 0.015333333333333334