0 0.506359375 0.20710416666666667 0.034453125 0.029958333333333333
0 0.5023125 0.2429375 0.019921875 0.029604166666666668
0 0.505265625 0.28337500000000004 0.023265625 0.04191666666666667
0 0.508984375 0.32449999999999996 0.02815625 0.021354166666666667
0 0.576609375 0.30539583333333337 0.01940625 0.029416666666666664
0 0.5451718750000001 0.33547916666666666 0.019546875 0.022708333333333334
0 0.47260937500000005 0.2765208333333333 0.01453125 0.05564583333333333
0 0.50353125 0.39997916666666666 0.018515625 0.12260416666666667
0 0.47485937500000003 0.341125 0.0203125 0.016895833333333332
0 0.500984375 0.17122916666666665 0.02271875 0.02645833333333333
0 0.470703125 0.42383333333333334 0.023703125 0.042083333333333334
0 0.21387499999999998 0.23616666666666666 0.01834375 0.0280625
0 0.1640625 0.3007916666666667 0.040828125 0.0544375
0 0.49121875 0.12166666666666666 0.013484375000000002 0.040749999999999995
0 0.60790625 0.13639583333333333 0.014624999999999999 0.017562499999999998
0 0.44067187499999994 0.588875 0.015421874999999998 0.027166666666666665
0 0.40356249999999994 0.6972708333333333 0.012921875 0.015104166666666667
0 0.776859375 0.9537708333333333 0.015953125000000002 0.02335416666666667
0 0.6171875 0.3172291666666667 0.019421874999999998 0.02733333333333333
0 0.2580625 0.14370833333333335 0.0130625 0.015291666666666667
0 0.48290625 0.5550208333333334 0.010453125 0.014604166666666666
0 0.371828125 0.19172916666666667 0.02271875 0.08635416666666668
0 0.537109375 0.6237083333333333 0.04409375 0.06441666666666666
0 0.5961875 0.6855416666666667 0.018609375 0.0280625
0 0.43775000000000003 0.35189583333333335 0.0136875 0.015895833333333335
0 0.2629375 0.34341666666666665 0.03253125 0.034666666666666665
0 0.657234375 0.1888125 0.027734375 0.043854166666666666
0 0.48998437499999997 0.10391666666666667 0.00871875 0.011979166666666667
0 0.578515625 0.66525 0.01996875 0.03685416666666667