0 0.381109375 0.5615208333333332 0.027796875 0.04504166666666667
0 0.368890625 0.2540625 0.018546874999999997 0.029
0 0.294671875 0.3863958333333333 0.10796874999999999 0.16
0 0.3359375 0.3046875 0.038390625 0.037125
0 0.9497031249999999 0.11002083333333333 0.029031249999999998 0.0439375
0 0.168578125 0.18066666666666667 0.060515624999999997 0.04845833333333334
0 0.426265625 0.5055416666666667 0.010249999999999999 0.018895833333333334
0 0.75928125 0.14933333333333335 0.029421874999999997 0.030354166666666668
0 0.4194375 0.54525 0.03265625 0.10808333333333334
0 0.323484375 0.5341875 0.0703125 0.09985416666666666
0 0.8207968749999999 0.11304166666666667 0.09912499999999999 0.058666666666666666
0 0.35571875 0.6344375 0.072515625 0.24837499999999998
0 0.44946875000000003 0.6757916666666667 0.017859375 0.09985416666666666
0 0.278078125 0.5162708333333333 0.013734374999999998 0.021958333333333333
0 0.285890625 0.5367916666666667 0.054906250000000004 0.07214583333333334
0 0.770515625 0.17691666666666667 0.05965625 0.09252083333333333
0 0.551765625 0.049854166666666665 0.018046875 0.0261875
0 0.7109375 0.31297916666666664 0.053015625 0.03104166666666667
0 0.264890625 0.41341666666666665 0.06231250000000001 0.07120833333333333
0 0.39721875 0.7415416666666667 0.05865625 0.17610416666666667
0 0.12365625 0.2513125 0.07146875 0.10245833333333333
0 0.8159218750000001 0.22429166666666667 0.098578125 0.16797916666666665
0 0.7265625 0.8619791666666666 0.014671875000000001 0.044875
0 0.27221875 0.5566458333333333 0.02484375 0.028645833333333332