0 0.414546875 0.7369791666666666 0.07946875 0.09512499999999999
0 0.45215625 0.25814583333333335 0.036828125 0.03858333333333333
0 0.41309375 0.5393958333333334 0.020374999999999997 0.026895833333333334
0 0.637703125 0.4593125 0.03753125 0.05558333333333333
0 0.276125 0.7115833333333333 0.02390625 0.0321875
0 0.40551562499999994 0.18066666666666667 0.025171875 0.022916666666666665
0 0.4086875 0.44629166666666664 0.015484375 0.03885416666666666
0 0.486328125 0.7102916666666667 0.017249999999999998 0.0255625
0 0.23596875 0.20149999999999998 0.021015625 0.020895833333333332
0 0.49096875000000006 0.22510416666666666 0.035953125 0.028770833333333336
0 0.32715625 0.6152291666666667 0.01815625 0.02735416666666667
0 0.48998437499999997 0.19189583333333332 0.012234375 0.0165
0 0.37109375 0.8613333333333333 0.021406249999999998 0.025020833333333332
0 0.47681250000000003 0.9459583333333333 0.038109375 0.06058333333333333
0 0.655765625 0.40591666666666665 0.0195625 0.0563125
0 0.31640625 0.7864583333333334 0.059203125 0.049770833333333334
0 0.5835 0.7675833333333333 0.013796875 0.0183125
0 0.389578125 0.31797916666666665 0.07082812499999999 0.12833333333333333