0 0.42334375 0.581375 0.06525 0.07014583333333334
0 0.40528125 0.6790416666666667 0.0701875 0.10562500000000001
0 0.030625000000000003 0.5068333333333334 0.01590625 0.0238125
0 0.523921875 0.34602083333333333 0.13574999999999998 0.1150625
0 0.4453125 0.9270833333333334 0.014109374999999999 0.0195625
0 0.564453125 0.25814583333333335 0.017578125 0.018604166666666665
0 0.48364062499999994 0.38477083333333334 0.01328125 0.013500000000000002
0 0.284671875 0.5865833333333333 0.022468750000000003 0.016708333333333332
0 0.465828125 0.6790416666666667 0.049046875000000004 0.08960416666666667
0 0.796875 0.8027291666666667 0.040984375 0.03629166666666667
0 0.42748437499999997 0.4257916666666667 0.02203125 0.04029166666666666
0 0.265875 0.8164166666666667 0.017249999999999998 0.022208333333333333
0 0.43823437500000006 0.3854166666666667 0.026703125 0.026395833333333334
0 0.41918749999999994 0.8417916666666667 0.020765625 0.025645833333333333
0 0.853515625 0.6500625 0.02328125 0.026041666666666668
0 0.331546875 0.6119791666666666 0.013421875 0.0165
0 0.523921875 0.6477916666666667 0.011546875 0.0165625
0 0.3986875 0.8020833333333334 0.012968750000000001 0.018125
0 0.8779375 0.5989583333333334 0.02790625 0.03160416666666667
0 0.501953125 0.5045625 0.021484375 0.04097916666666667
0 0.250984375 0.9388124999999999 0.017046875 0.02325
0 0.344 0.9166666666666666 0.01328125 0.020958333333333336
0 0.41479687500000006 0.4886041666666667 0.013171875 0.016708333333333332
0 0.11676562500000001 0.27116666666666667 0.019265625 0.026479166666666668
0 0.48290625 0.7832083333333333 0.011734375 0.0160625
0 0.367921875 0.3385416666666667 0.029140624999999996 0.0261875
0 0.958984375 0.6337916666666668 0.02328125 0.022458333333333334
0 0.50928125 0.5787708333333333 0.01428125 0.0163125
0 0.343015625 0.949875 0.011828125 0.019874999999999997
0 0.21862499999999999 0.8658958333333333 0.017640625 0.02402083333333333
0 0.37865625 0.875 0.014234374999999999 0.016895833333333332
0 0.013328125 0.5843125 0.013125000000000001 0.020729166666666667
0 0.8627968750000001 0.7317708333333334 0.042078125 0.05622916666666666
0 0.8627968750000001 0.8450624999999999 0.020421875 0.020562499999999997
0 0.47095312500000003 0.768875 0.013593749999999998 0.017562499999999998
0 0.021484375 0.5472083333333334 0.014671875000000001 0.02002083333333333
0 0.342046875 0.2986666666666667 0.015015625 0.013833333333333333
0 0.494140625 0.36783333333333335 0.01065625 0.012083333333333333
0 0.978515625 0.5914791666666667 0.0171875 0.02352083333333333
0 0.41967187499999997 0.9700624999999999 0.0130625 0.017708333333333333
0 0.292484375 0.4205833333333333 0.013796875 0.015166666666666667
0 0.322015625 0.6370416666666666 0.012921875 0.0160625