0 0.39587500000000003 0.28970833333333335 0.0275625 0.025625000000000002
0 0.18096874999999998 0.6305208333333333 0.3505625 0.5103125
0 0.46023437500000003 0.8089375000000001 0.0625 0.05652083333333333
0 0.621015625 0.8881041666666667 0.0318125 0.05575
0 0.61975 0.9738958333333334 0.020734375 0.04170833333333333
0 0.6505625 0.33097916666666666 0.22726562499999997 0.2521041666666667
0 0.422359375 0.28710416666666666 0.015187500000000001 0.02264583333333333
0 0.42017187500000003 0.3629583333333333 0.017578125 0.02664583333333333
0 0.529296875 0.2146875 0.022625 0.01583333333333333
0 0.374265625 0.21141666666666667 0.034234375 0.0330625
0 0.021281249999999998 0.3408125 0.02828125 0.034604166666666665
0 0.11126562499999999 0.5387291666666666 0.01634375 0.02033333333333333
0 0.286140625 0.2718125 0.021484375 0.028708333333333332
0 0.47339062500000006 0.20508333333333334 0.0315625 0.020895833333333332
0 0.538578125 0.42772916666666666 0.0136875 0.016020833333333335
0 0.147953125 0.722 0.014953125000000001 0.018979166666666665
0 0.5966875 0.23404166666666668 0.021859375 0.019791666666666666
0 0.474609375 0.23485416666666667 0.02640625 0.031229166666666665
0 0.070671875 0.8496041666666667 0.01609375 0.0208125
0 0.129515625 0.19514583333333332 0.012828125000000001 0.01625
0 0.3984375 0.30793750000000003 0.03746875 0.051958333333333336
0 0.46020312499999994 0.5491458333333333 0.008984375 0.012125
0 0.11859375000000001 0.588875 0.021578125 0.023625
0 0.8881875000000001 0.16797916666666665 0.014671875000000001 0.017166666666666667
0 0.527828125 0.31202083333333336 0.034875 0.034749999999999996
0 0.9086874999999999 0.8645833333333334 0.018640625 0.020729166666666667
0 0.69825 0.06429166666666666 0.017859375 0.024770833333333336
0 0.3725625 0.5185625 0.009453125 0.011229166666666667
0 0.319578125 0.5683541666666667 0.024609375 0.026000000000000002