0 0.07760937500000001 0.7314791666666667 0.030203124999999997 0.03170833333333333
0 0.077734375 0.6670833333333334 0.017453125 0.0244375
0 0.557125 0.7981874999999999 0.012234375 0.015395833333333333
0 0.02153125 0.20833333333333334 0.019265625 0.020645833333333332
0 0.59278125 0.2843333333333333 0.011203125 0.014270833333333333
0 0.6274375 0.847 0.01653125 0.022125
0 0.494625 0.5940833333333334 0.013328125 0.015229166666666665
0 0.67334375 0.41372916666666665 0.014953125000000001 0.025249999999999998
0 0.0679375 0.14527083333333335 0.0174375 0.019270833333333334
0 0.045015625 0.7447916666666666 0.014000000000000002 0.026000000000000002
0 0.345953125 0.45539583333333333 0.010953125 0.014375