0 0.29053125 0.1818125 0.01609375 0.018979166666666665
0 0.574703125 0.1796875 0.014390625 0.015062500000000001
0 0.63671875 0.2400625 0.031921875 0.032625
0 0.43090624999999994 0.5882083333333333 0.01609375 0.017833333333333333
0 0.4585 0.40429166666666666 0.01159375 0.021270833333333336
0 0.41185937499999997 0.7578125 0.010906250000000001 0.019708333333333335
0 0.477046875 0.847 0.0171875 0.0240625
0 0.338375 0.261875 0.016593749999999997 0.018541666666666668
0 0.38525 0.7148541666666667 0.019171874999999998 0.021875
0 0.52490625 0.9277291666666667 0.012625 0.021270833333333336
0 0.38134375 0.6383541666666667 0.00996875 0.023875
0 0.49071875 0.1570625 0.014109374999999999 0.0188125
0 0.7055625 0.12427083333333333 0.013640625 0.017562499999999998
0 0.418953125 0.10847916666666667 0.013484375000000002 0.0199375
0 0.6586875 0.14275 0.02203125 0.022458333333333334
0 0.360109375 0.5712916666666668 0.030046875 0.05570833333333333
0 0.41015625 0.7903749999999999 0.019265625 0.02264583333333333
0 0.46801562499999994 0.25016666666666665 0.013484375000000002 0.016395833333333335
0 0.645515625 0.043708333333333335 0.017906250000000002 0.017708333333333333
0 0.41675000000000006 0.9908958333333333 0.012671874999999999 0.015958333333333335
0 0.26440625 0.7923125 0.012484375 0.02325
0 0.683109375 0.14656249999999998 0.012875000000000001 0.016125
0 0.63525 0.08085416666666667 0.014781250000000001 0.018041666666666668
0 0.2836875 0.6038333333333333 0.032468750000000005 0.037270833333333336
0 0.72509375 0.21597916666666667 0.016984375 0.018979166666666665
0 0.44896874999999997 0.12052083333333334 0.023421875 0.025416666666666664
0 0.687984375 0.20947916666666666 0.03934375 0.04675
0 0.46240625 0.550125 0.089296875 0.1535625
0 0.38575 0.6764375 0.011828125 0.018041666666666668
0 0.43896875 0.0259375 0.0110625 0.01875
0 0.583984375 0.03154166666666667 0.016593749999999997 0.0208125
0 0.46509375000000003 0.21127083333333332 0.0260625 0.03691666666666667
0 0.703125 0.14275 0.011203125 0.012895833333333334
0 0.65234375 0.08056250000000001 0.010703124999999999 0.015583333333333334
0 0.517578125 0.10352083333333333 0.01125 0.014604166666666666
0 0.284421875 0.7174583333333333 0.0145625 0.019187500000000003
0 0.622078125 0.022375 0.019640625000000002 0.0188125
0 0.4663125 0.2814166666666667 0.0505 0.052083333333333336