0 0.232671875 0.4280625 0.03371875 0.037270833333333336
0 0.53759375 0.4427083333333333 0.035953125 0.03983333333333334
0 0.63671875 0.793625 0.01634375 0.03383333333333333
0 0.438484375 0.442375 0.01103125 0.014750000000000001
0 0.35303125 0.5686875 0.23229687499999999 0.30843750000000003
0 0.207390625 0.46875 0.018546874999999997 0.022375
0 0.32275 0.40039583333333334 0.018187500000000002 0.022208333333333333
0 0.869140625 0.7473958333333334 0.013484375000000002 0.0195
0 0.2370625 0.1586875 0.01525 0.020895833333333332
0 0.9311562500000001 0.10929166666666666 0.02328125 0.0149375
0 0.950203125 0.6520208333333334 0.018375 0.0284375
0 0.9716875 0.5960208333333333 0.01653125 0.03164583333333333
0 0.8862343750000001 0.7076875 0.20984375000000002 0.34831249999999997
0 0.282234375 0.7962291666666667 0.199578125 0.12077083333333333
0 0.8754843749999999 0.5537083333333332 0.013484375000000002 0.027270833333333334