0 0.30078125 0.7076875 0.02346875 0.030520833333333334
0 0.661140625 0.2530833333333333 0.020515625000000003 0.028270833333333335
0 0.708015625 0.2890625 0.045015625 0.06391666666666666
0 0.312015625 0.7584583333333333 0.0496875 0.066125
0 0.5234375 0.09579166666666666 0.022890625 0.024125
0 0.526859375 0.6386666666666667 0.023703125 0.03395833333333333
0 0.58446875 0.5491458333333333 0.0305 0.05264583333333333
0 0.072625 0.49185416666666665 0.019796875 0.0234375
0 0.44457812499999994 0.6875 0.018015625 0.021958333333333333
0 0.370125 0.5039166666666667 0.012828125000000001 0.01825
0 0.504390625 0.7402291666666667 0.017296875 0.018125
0 0.2944375 0.39908333333333335 0.04434375 0.047562499999999994
0 0.77490625 0.20995833333333333 0.030046875 0.028479166666666667
0 0.9838906250000001 0.3279583333333333 0.01934375 0.025166666666666667
0 0.9125937499999999 0.379875 0.013953125 0.01825
0 0.538578125 0.8326875 0.023765625000000002 0.03333333333333333
0 0.5234375 0.8014375 0.027171875 0.03377083333333333
0 0.5625 0.7604166666666666 0.0219375 0.0234375
0 0.7421875 0.13191666666666665 0.01615625 0.019708333333333335
0 0.25415625 0.14370833333333335 0.026609375 0.024166666666666666
0 0.281734375 0.9231874999999999 0.15125 0.14250000000000002
0 0.536140625 0.9108125 0.012140624999999999 0.015520833333333334
0 0.20373437499999997 0.9427083333333334 0.014234374999999999 0.025895833333333333
0 0.353765625 0.6901041666666666 0.10303124999999999 0.16447916666666668
0 0.31665625 0.5039166666666667 0.012578125 0.015645833333333335
0 0.39453125 0.5335208333333333 0.0130625 0.018666666666666668
0 0.236328125 0.6477916666666667 0.018796874999999998 0.026041666666666668
0 0.56640625 0.373375 0.025859375 0.03402083333333333
0 0.55534375 0.678 0.014328125 0.035875
0 0.53671875 0.7267916666666667 0.0265625 0.060520833333333336
0 0.68840625 0.7462291666666666 0.025265625000000003 0.05772916666666667
0 0.697 0.9337083333333334 0.026828125 0.0576875
0 0.57421875 0.728875 0.028640624999999996 0.0646875
0 0.4171875 0.8238333333333333 0.021875 0.021958333333333333
0 0.09271875 0.5052083333333334 0.019265625 0.03175
0 0.29565625 0.8066458333333333 0.019859375000000002 0.026479166666666668
0 0.34790625 0.29491666666666666 0.015296874999999998 0.020645833333333332
0 0.86328125 0.4947916666666667 0.0195 0.023
0 0.62403125 0.4436875 0.011640625 0.013770833333333335
0 0.9721718750000001 0.40397916666666667 0.023375 0.026791666666666665
0 0.762203125 0.4492291666666667 0.016015625 0.017416666666666667
0 0.23059375000000001 0.18895833333333334 0.018375 0.02335416666666667
0 0.361578125 0.6132916666666667 0.014953125000000001 0.0183125
0 0.676265625 0.8730416666666667 0.01490625 0.016958333333333336
0 0.512203125 0.7161458333333334 0.013953125 0.015062500000000001
0 0.645015625 0.35775 0.012921875 0.015395833333333333
0 0.309328125 0.6744791666666666 0.01484375 0.02033333333333333
0 0.751953125 0.8203125 0.01621875 0.017104166666666667
0 0.460453125 0.8046875 0.029140624999999996 0.044645833333333336
0 0.817390625 0.46191666666666664 0.021812500000000002 0.020729166666666667
0 0.667484375 0.96875 0.012921875 0.016645833333333335
0 0.65625 0.8489583333333334 0.014671875000000001 0.018187500000000002
0 0.736328125 0.9010416666666666 0.023859375 0.030770833333333334
0 0.711921875 0.8457083333333333 0.01390625 0.017104166666666667
0 0.88671875 0.47331249999999997 0.013734374999999998 0.01904166666666667
0 0.361328125 0.5504583333333334 0.012375 0.017291666666666667
0 0.317390625 0.48502083333333335 0.0116875 0.013354166666666667
0 0.31128125 0.37402083333333336 0.014953125000000001 0.01583333333333333
0 0.1795625 0.7554375 0.01796875 0.031000000000000003
0 0.20246875000000003 0.8236458333333334 0.022140625 0.025083333333333332
0 0.41770312499999995 0.8918541666666666 0.147921875 0.1996875
0 0.32325 0.8352916666666667 0.11596875 0.1764375