0 0.47265625 0.46908333333333335 0.012671874999999999 0.018895833333333334
0 0.625484375 0.4023541666666667 0.012968750000000001 0.015395833333333333
0 0.87890625 0.35612499999999997 0.0145625 0.014812500000000001
0 0.285640625 0.19758333333333333 0.011328125 0.016458333333333335
0 0.533203125 0.890625 0.011375 0.017354166666666667
0 0.533203125 0.3828125 0.014624999999999999 0.028270833333333335
0 0.567390625 0.2874375 0.014109374999999999 0.0165
0 0.142453125 0.675125 0.010203125 0.0165625
0 0.145875 0.3028958333333333 0.012421875 0.012208333333333333
0 0.887703125 0.528 0.011734375 0.0139375
0 0.35840625 0.4807916666666667 0.0130625 0.017354166666666667
0 0.46167187500000006 0.564125 0.01178125 0.014645833333333334
0 0.13403125 0.36945833333333333 0.015484375 0.018895833333333334
0 0.9321249999999999 0.3063125 0.02059375 0.019187500000000003
0 0.8627968750000001 0.3802083333333333 0.012484375 0.013145833333333332
0 0.53028125 0.8086041666666667 0.014781250000000001 0.026145833333333333
0 0.22168749999999998 0.36133333333333334 0.0099375 0.012791666666666666
0 0.150390625 0.3880208333333333 0.011203125 0.0135625
0 0.242921875 0.32095833333333335 0.008671874999999999 0.011000000000000001
0 0.9453125 0.9322916666666666 0.009296875 0.013458333333333333
0 0.926765625 0.8522083333333333 0.018687500000000003 0.030520833333333334
0 0.70703125 0.45539583333333333 0.11340625 0.1075
0 0.49260937499999996 0.35552083333333334 0.017937500000000002 0.013333333333333334
0 0.15948437499999998 0.5994583333333333 0.043687500000000004 0.06679166666666667
0 0.20734375 0.5371666666666666 0.0308125 0.029770833333333333
0 0.296625 0.47758333333333336 0.090671875 0.10589583333333333
0 0.368359375 0.4291041666666667 0.05228125 0.04933333333333333
0 0.45131249999999995 0.39577083333333335 0.043937500000000004 0.07022916666666666
0 0.490234375 0.35220833333333335 0.0108125 0.013770833333333335
0 0.495609375 0.5621666666666666 0.0116875 0.01825
0 0.3669375 0.370125 0.010484375 0.013416666666666667
0 0.4975625 0.5042291666666666 0.0098125 0.013041666666666667
0 0.562984375 0.3299166666666667 0.0116875 0.013354166666666667
0 0.402828125 0.3489583333333333 0.014453125 0.017625000000000002
0 0.106328125 0.6881458333333333 0.013015625 0.0165
0 0.18262499999999998 0.74675 0.012828125000000001 0.018395833333333333
0 0.499421875 0.7379791666666667 0.10734375 0.4280208333333333
0 0.8668906249999999 0.6782291666666667 0.261390625 0.25127083333333333