0 0.5415 0.4749375 0.012046875 0.013770833333333335
0 0.574703125 0.6051458333333334 0.014390625 0.012083333333333333
0 0.69140625 0.4938125 0.012921875 0.014812500000000001
0 0.615234375 0.49772916666666667 0.036078125 0.0318125
0 0.5029375 0.4254583333333333 0.02521875 0.027166666666666665
0 0.4921875 0.6064375 0.01328125 0.012645833333333334
0 0.576171875 0.3802083333333333 0.017781250000000002 0.021791666666666668
0 0.42409375000000005 0.47560416666666666 0.043484375 0.026916666666666665
0 0.62890625 0.5543541666666666 0.051671875 0.034749999999999996
0 0.5029375 0.5439375 0.0614375 0.07791666666666666
0 0.565921875 0.42741666666666667 0.06646875 0.04883333333333333
0 0.414546875 0.39647916666666666 0.018046875 0.0230625
0 0.47682812500000005 0.42458333333333337 0.021359375 0.029
0 0.47729687500000006 0.41862499999999997 0.01815625 0.017895833333333333
0 0.586984375 0.5377500000000001 0.028125 0.01925
0 0.6701875 0.5620625 0.020046875 0.0261875
0 0.38073437499999996 0.4546041666666667 0.032296875 0.0439375