0 0.11596875 0.4895833333333333 0.029703125000000004 0.033125
0 0.593265625 0.3385416666666667 0.019453124999999998 0.017166666666666667
0 0.1328125 0.32437499999999997 0.02790625 0.027125
0 0.26709375 0.8417916666666667 0.020453125 0.026000000000000002
0 0.50928125 0.5976666666666667 0.01628125 0.016395833333333335
0 0.073859375 0.3688125 0.031796875 0.0331875
0 0.07825 0.6914166666666667 0.031984374999999995 0.029666666666666668
0 0.24365625 0.6692708333333334 0.03234375 0.03502083333333333
0 0.3513125 0.46418750000000003 0.038109375 0.024770833333333336
0 0.520515625 0.3265 0.01571875 0.021354166666666667
0 0.21179687500000002 0.5026041666666666 0.063359375 0.05558333333333333
0 0.326421875 0.18685416666666665 0.016015625 0.023
0 0.12250000000000001 0.6656875 0.019984375 0.014375
0 0.57275 0.5055416666666667 0.091375 0.050124999999999996
0 0.44018750000000006 0.4648541666666667 0.0235625 0.02264583333333333
0 0.676265625 0.6354166666666666 0.01971875 0.023875
0 0.32715625 0.43554166666666666 0.017249999999999998 0.0208125
0 0.359625 0.9088541666666666 0.029031249999999998 0.047125
0 0.19465625 0.2718125 0.079421875 0.11237499999999999