0 0.4655 0.3434375 0.013843749999999998 0.015770833333333335
0 0.449703125 0.5042291666666666 0.015187500000000001 0.01825
0 0.53759375 0.5384166666666667 0.0099375 0.012354166666666666
0 0.45482812499999997 0.8958333333333334 0.013593749999999998 0.019791666666666666
0 0.45996875 0.611 0.02215625 0.027166666666666665
0 0.699703125 0.6428958333333333 0.012531249999999999 0.017229166666666667
0 0.392578125 0.8053333333333333 0.012765625 0.016458333333333335
0 0.14942187499999998 0.3063125 0.014171875 0.015583333333333334
0 0.45996875 0.42220833333333335 0.008953125000000001 0.012458333333333333
0 0.24975 0.6464791666666667 0.01809375 0.02033333333333333
0 0.307859375 0.7076875 0.012625 0.017833333333333333
0 0.32275 0.7955833333333333 0.010125 0.016125
0 0.525390625 0.2921458333333333 0.010171875 0.0123125
0 0.359125 0.918625 0.015125 0.019104166666666665
0 0.22717187499999997 0.3125 0.01040625 0.021458333333333336
0 0.474609375 0.29362499999999997 0.010562499999999999 0.017020833333333332
0 0.250984375 0.47331249999999997 0.009859375 0.012895833333333334
0 0.516609375 0.3499375 0.031796875 0.026041666666666668
0 0.573734375 0.14370833333333335 0.01353125 0.013875
0 0.628421875 0.057374999999999995 0.016593749999999997 0.015770833333333335
0 0.562015625 0.4296875 0.012671874999999999 0.013666666666666666
0 0.446296875 0.4609375 0.009343750000000001 0.011625
0 0.512703125 0.4492291666666667 0.0099375 0.012750000000000001
0 0.399421875 0.6985625 0.012234375 0.017291666666666667
0 0.062921875 0.05529166666666666 0.030671874999999998 0.02735416666666667
0 0.135859375 0.03966666666666666 0.024281249999999997 0.0175
0 0.184203125 0.26447916666666665 0.01125 0.012750000000000001
0 0.40771875 0.5061875 0.01009375 0.012895833333333334
0 0.04046875 0.25814583333333335 0.02328125 0.022125
0 0.10821875 0.06722916666666667 0.027687499999999997 0.018041666666666668
0 0.22473437500000001 0.21370833333333333 0.008921875 0.011083333333333334
0 0.45581250000000006 0.5683541666666667 0.010296875 0.0119375
0 0.099671875 0.10945833333333334 0.03528125 0.025249999999999998
0 0.42846875000000006 0.8287708333333333 0.009453125 0.013500000000000002