0 0.135125 0.150875 0.034484375 0.027687499999999997
0 0.18909375 0.7246041666666667 0.013125000000000001 0.017416666666666667
0 0.31934375 0.7955833333333333 0.01178125 0.015708333333333335
0 0.47339062500000006 0.31347916666666664 0.01125 0.014875
0 0.479984375 0.43164583333333334 0.009343750000000001 0.012083333333333333
0 0.464359375 0.8431041666666667 0.015421874999999998 0.016833333333333332
0 0.21253125 0.39647916666666666 0.013125000000000001 0.014145833333333333
0 0.4243125 0.9205833333333333 0.182125 0.14958333333333332
0 0.36353125 0.7213541666666666 0.0116875 0.013979166666666666
0 0.46020312499999994 0.7903749999999999 0.013843749999999998 0.017291666666666667
0 0.281984375 0.887375 0.01328125 0.0160625
0 0.234734375 0.11825 0.019640625000000002 0.019791666666666666
0 0.48584375 0.675125 0.013843749999999998 0.016770833333333336
0 0.463875 0.33918750000000003 0.010328125 0.012166666666666666
0 0.017859375 0.5491458333333333 0.01584375 0.017020833333333332
0 0.317875 0.6442083333333334 0.0130625 0.018187500000000002
0 0.495609375 0.2986666666666667 0.0115 0.013875
0 0.097046875 0.42089583333333336 0.012671874999999999 0.014208333333333333
0 0.47826562499999997 0.34375 0.009125 0.011479166666666667
0 0.399171875 0.7545625 0.015078125000000001 0.019187500000000003
0 0.1565 0.4091875 0.0121875 0.013770833333333335
0 0.180296875 0.6656875 0.034765625 0.0564375
0 0.303953125 0.43164583333333334 0.01115625 0.0135625
0 0.17065625 0.8203125 0.012718750000000001 0.0149375
0 0.644046875 0.6123125 0.0130625 0.018125
0 0.50634375 0.19335416666666666 0.010484375 0.015166666666666667
0 0.19115625 0.9557291666666666 0.011328125 0.015770833333333335
0 0.43481249999999994 0.592125 0.015296874999999998 0.019708333333333335
0 0.065484375 0.5784583333333334 0.01234375 0.015645833333333335
0 0.254390625 0.87175 0.020171875 0.021125
0 0.20226562499999998 0.11125 0.013328125 0.014750000000000001
0 0.81153125 0.45637500000000003 0.0100625 0.012750000000000001
0 0.695796875 0.15812500000000002 0.012875000000000001 0.016125
0 0.43359375 0.49022916666666666 0.033265625 0.043291666666666666
0 0.3200625 0.46289583333333334 0.020765625 0.034333333333333334
0 0.0861875 0.5345 0.024140625 0.029604166666666668
0 0.095890625 0.4970625 0.0130625 0.017833333333333333
0 0.8569375000000001 0.46777083333333336 0.01159375 0.0183125
0 0.3645 0.33089583333333333 0.01621875 0.017416666666666667
0 0.22290625 0.065625 0.018765625 0.017291666666666667
0 0.6875 0.17839583333333334 0.082828125 0.08389583333333334
0 0.16296875 0.4856875 0.015125 0.020166666666666666
0 0.802734375 0.48762500000000003 0.012046875 0.015062500000000001
0 0.35521875 0.08635416666666668 0.018234375 0.019270833333333334
0 0.504390625 0.345375 0.013734374999999998 0.021270833333333336
0 0.557625 0.29720833333333335 0.092046875 0.07735416666666667
0 0.8735312499999999 0.48664583333333333 0.01621875 0.02033333333333333
0 0.043515625 0.661125 0.084171875 0.06058333333333333
0 0.02059375 0.9739583333333334 0.014624999999999999 0.015645833333333335
0 0.196171875 0.244625 0.11279687499999999 0.09635416666666667
0 0.49682812500000006 0.421875 0.008921875 0.014208333333333333
0 0.3046875 0.5022708333333333 0.012234375 0.013979166666666666
0 0.34228125 0.8977916666666667 0.015296874999999998 0.017833333333333333
0 0.61865625 0.18685416666666665 0.073546875 0.14177083333333332
0 0.8002968750000001 0.19727083333333334 0.012921875 0.013833333333333333
0 0.11737500000000001 0.17041666666666666 0.01146875 0.014145833333333333
0 0.091859375 0.18375 0.012234375 0.015166666666666667
0 0.228265625 0.7174583333333333 0.028765625 0.03154166666666667
0 0.42334375 0.33820833333333333 0.010984375000000001 0.0161875
0 0.314703125 0.2760416666666667 0.017249999999999998 0.0195625
0 0.577640625 0.05510416666666666 0.051671875 0.0910625
0 0.947265625 0.800125 0.0121875 0.02352083333333333
0 0.3569375 0.4573541666666667 0.021046875 0.042479166666666665
0 0.389890625 0.9453125 0.011640625 0.015458333333333333
0 0.3200625 0.09122916666666667 0.038453125 0.029375
0 0.0730625 0.9902291666666667 0.012296875 0.015166666666666667
0 0.106328125 0.5891875 0.014499999999999999 0.016895833333333332
0 0.281984375 0.6972708333333333 0.015953125000000002 0.020958333333333336
0 0.394046875 0.7115833333333333 0.01640625 0.022208333333333333
0 0.142453125 0.3942083333333333 0.011546875 0.011979166666666667
0 0.41626562500000003 0.2954166666666667 0.00790625 0.012791666666666666
0 0.8198281250000001 0.9068958333333333 0.071234375 0.08910416666666668
0 0.5329375 0.49139583333333337 0.021609375 0.034208333333333334
0 0.590359375 0.49191666666666667 0.050515624999999995 0.03870833333333333
0 0.5110625 0.5231666666666667 0.01953125 0.017875
0 0.5782499999999999 0.5561458333333333 0.049734375 0.063
0 0.472265625 0.6210625000000001 0.103390625 0.10256249999999999