0 0.387703125 0.6276041666666666 0.011921875 0.014375
0 0.54590625 0.45539583333333333 0.07520312500000001 0.07666666666666666
0 0.409671875 0.49154166666666665 0.054203125 0.07308333333333333
0 0.56103125 0.5413333333333333 0.038703125 0.04739583333333333
0 0.520015625 0.5318958333333333 0.01196875 0.019104166666666665
0 0.45459375 0.3489583333333333 0.01328125 0.012854166666666667
0 0.307625 0.5777916666666666 0.00978125 0.012645833333333334
0 0.339359375 0.6178333333333333 0.0115 0.013291666666666667
0 0.4165 0.581375 0.014234374999999999 0.021270833333333336
0 0.4506875 0.7806041666666667 0.012046875 0.0160625
0 0.49731249999999994 0.47754166666666664 0.0108125 0.011229166666666667
0 0.48949999999999994 0.5338541666666666 0.00971875 0.014041666666666668
0 0.40478125 0.6627708333333333 0.010984375000000001 0.013979166666666666
0 0.448734375 0.6497499999999999 0.020015625000000002 0.029041666666666667
0 0.427734375 0.6868541666666667 0.00978125 0.0125625
0 0.44604687500000006 0.5882083333333333 0.0098125 0.015166666666666667
0 0.44848437499999994 0.44304166666666667 0.01809375 0.019874999999999997
0 0.527828125 0.46549999999999997 0.035828125 0.044645833333333336
0 0.387453125 0.32243750000000004 0.01009375 0.012854166666666667
0 0.21203124999999998 0.21810416666666665 0.013421875 0.014479166666666666
0 0.79053125 0.07291666666666667 0.010953125 0.014875
0 0.546390625 0.7942708333333334 0.009343750000000001 0.011895833333333333