0 0.529296875 0.4140625 0.01484375 0.027583333333333335
0 0.531734375 0.3450625 0.013796875 0.023708333333333335
0 0.53125 0.48372916666666665 0.0199375 0.029083333333333336
0 0.560546875 0.6783958333333333 0.013796875 0.01625
0 0.541015625 0.38314583333333335 0.033015625 0.028125
0 0.5341875 0.5214791666666667 0.0116875 0.013354166666666667
0 0.53271875 0.4570416666666667 0.01815625 0.0175
0 0.525875 0.5055416666666667 0.010249999999999999 0.014541666666666668
0 0.5336875 0.31575000000000003 0.015609375 0.019270833333333334
0 0.504890625 0.5924583333333333 0.008984375 0.0135625
0 0.52734375 0.6940208333333333 0.0088125 0.012354166666666666
0 0.503421875 0.36035416666666664 0.013421875 0.013083333333333334
0 0.49829687500000003 0.6028749999999999 0.009343750000000001 0.009833333333333333
0 0.529296875 0.43685416666666665 0.0080625 0.009791666666666667
0 0.50684375 0.5494791666666666 0.009265625 0.014083333333333333
0 0.531734375 0.27539583333333334 0.008375 0.012604166666666666