0 0.5961875 0.3779375 0.061984375 0.07808333333333332
0 0.8930624999999999 0.5605416666666667 0.014328125 0.018125
0 0.642578125 0.2768541666666666 0.06671875000000001 0.07820833333333334
0 0.461921875 0.6028749999999999 0.01484375 0.01933333333333333
0 0.628421875 0.606125 0.020296875 0.027687499999999997
0 0.633296875 0.6953125 0.015015625 0.020958333333333336
0 0.543453125 0.20606249999999998 0.015296874999999998 0.015458333333333333
0 0.585453125 0.9010416666666666 0.02784375 0.026291666666666665
0 0.48975 0.5302708333333334 0.012484375 0.015645833333333335
0 0.9653281249999999 0.24381250000000002 0.01490625 0.01964583333333333
0 0.9174843750000001 0.199375 0.01484375 0.018666666666666668
0 0.555171875 0.7766875 0.01640625 0.020895833333333332
0 0.44067187499999994 0.8059999999999999 0.019015625 0.02025
0 0.767578125 0.5908125 0.015078125000000001 0.01933333333333333
0 0.385984375 0.8105416666666667 0.0136875 0.01825
0 0.583015625 0.5214791666666667 0.02084375 0.0195
0 0.603515625 0.7246041666666667 0.017249999999999998 0.026354166666666668
0 0.44310937499999997 0.671875 0.028109375 0.03791666666666667
0 0.507328125 0.3629583333333333 0.01103125 0.017833333333333333
0 0.8881875000000001 0.3802083333333333 0.0145625 0.014145833333333333
0 0.612796875 0.69075 0.01678125 0.0336875
0 0.775875 0.16504166666666667 0.03228125 0.023166666666666665
0 0.9560625 0.09375 0.017109375 0.023
0 0.7529375 0.56575 0.015546874999999998 0.018041666666666668
0 0.9868124999999999 0.21435416666666668 0.014234374999999999 0.01904166666666667
0 0.5341875 0.5572916666666666 0.030109375 0.06310416666666667
0 0.47509375 0.626625 0.016984375 0.0183125
0 0.789546875 0.4114583333333333 0.01484375 0.01904166666666667
0 0.8372343750000001 0.3098125 0.106765625 0.094625
0 0.48584375 0.6064375 0.09234375 0.11637499999999999
0 0.8665312500000001 0.1356875 0.26692187500000003 0.11789583333333334