0 0.9086874999999999 0.856125 0.012625 0.012791666666666666
0 0.39184375 0.47070833333333334 0.010609375 0.015583333333333334
0 0.640140625 0.6705833333333333 0.010484375 0.012208333333333333
0 0.8623125 0.38183333333333336 0.0108125 0.011895833333333333
0 0.42456250000000006 0.4313125 0.013015625 0.020395833333333332
0 0.727546875 0.9160208333333333 0.00996875 0.018541666666666668
0 0.56103125 0.7207083333333333 0.008609374999999999 0.012083333333333333
0 0.44115624999999997 0.4544375 0.01590625 0.021541666666666667
0 0.43189062500000003 0.6738333333333333 0.0130625 0.015395833333333333
0 0.9409218750000001 0.3265 0.009125 0.0125
0 0.869140625 0.3476666666666667 0.010562499999999999 0.013666666666666666
0 0.458984375 0.7161458333333334 0.010781250000000001 0.010833333333333334
0 0.42040625 0.6927083333333334 0.012421875 0.015583333333333334
0 0.539546875 0.4479166666666667 0.01234375 0.013666666666666666
0 0.458984375 0.6637291666666666 0.015078125000000001 0.017708333333333333
0 0.390140625 0.6630833333333332 0.01146875 0.013083333333333334
0 0.73340625 0.972 0.0145625 0.018395833333333333
0 0.856453125 0.3064791666666667 0.010859375000000001 0.012166666666666666
0 0.45776562500000006 0.5104166666666666 0.02175 0.025104166666666667
0 0.10614062500000002 0.4231875 0.011109375000000001 0.015395833333333333
0 0.460453125 0.4332708333333333 0.010015625 0.014270833333333333
0 0.32934375 0.6985625 0.01040625 0.012791666666666666
0 0.392328125 0.6881458333333333 0.00975 0.010958333333333332
0 0.9780312500000001 0.8072916666666666 0.013953125 0.013041666666666667
0 0.5336875 0.5865833333333333 0.013953125 0.014875
0 0.40599999999999997 0.6256458333333333 0.019375 0.025249999999999998
0 0.6171875 0.4010416666666667 0.011109375000000001 0.015000000000000001
0 0.46996874999999994 0.5625 0.01353125 0.014041666666666668
0 0.8466875 0.45539583333333333 0.009375 0.011666666666666665
0 0.954109375 0.5651041666666666 0.010859375000000001 0.012791666666666666
0 0.8110312499999999 0.9765625 0.011328125 0.015333333333333334
0 0.807625 0.27229166666666665 0.01178125 0.013833333333333333
0 0.74071875 0.4189375 0.012578125 0.015583333333333334
0 0.337890625 0.6243541666666667 0.012828125000000001 0.012791666666666666
0 0.58984375 0.5755208333333334 0.027015624999999998 0.0234375
0 0.9789999999999999 0.1525 0.0116875 0.0208125
0 0.6694375 0.8671875 0.018687500000000003 0.024854166666666667
0 0.567875 0.9505208333333334 0.01115625 0.014812500000000001
0 0.5234375 0.48893749999999997 0.012625 0.016708333333333332
0 0.3725625 0.6015625 0.01971875 0.02025
0 0.56396875 0.4752708333333333 0.01571875 0.021958333333333333
0 0.813671875 0.23029166666666667 0.020578125 0.039749999999999994
0 0.32799999999999996 0.5823750000000001 0.044015625 0.049479166666666664
0 0.8383749999999999 0.2631875 0.018796874999999998 0.0280625
0 0.46784375 0.45860416666666665 0.01640625 0.013729166666666666
0 0.5140625 0.5280208333333333 0.028125 0.041479166666666664
0 0.54128125 0.5601458333333333 0.017453125 0.03279166666666667
0 0.57175 0.5375833333333334 0.048328125 0.0483125
0 0.42871875 0.5367916666666667 0.0174375 0.019270833333333334
0 0.5625 0.5761666666666667 0.016593749999999997 0.017166666666666667
0 0.36596875 0.651375 0.014671875000000001 0.015291666666666667
0 0.317625 0.598625 0.013218750000000001 0.015333333333333334
0 0.480953125 0.4964166666666667 0.028218749999999997 0.04089583333333333
0 0.2998125 0.7213541666666666 0.016921875 0.0323125
0 0.34278125 0.6565833333333334 0.015187500000000001 0.012020833333333333
0 0.408203125 0.5481874999999999 0.01234375 0.013000000000000001