0 0.42114062499999994 0.3551458333333333 0.12084375 0.171875
0 0.693359375 0.3133125 0.015484375 0.021875
0 0.630375 0.5524166666666667 0.013734374999999998 0.020895833333333332
0 0.286375 0.370125 0.026500000000000003 0.029083333333333336
0 0.039640625 0.03945833333333334 0.022468750000000003 0.019791666666666666
0 0.29296875 0.5498125 0.023140625 0.044270833333333336
0 0.5810625 0.01175 0.01178125 0.016458333333333335
0 0.04409375 0.28841666666666665 0.016015625 0.015958333333333335
0 0.45482812499999997 0.04410416666666667 0.016718749999999998 0.0183125
0 0.9145468749999999 0.292 0.017578125 0.017625000000000002
0 0.606453125 0.7962291666666667 0.017374999999999998 0.024354166666666666
0 0.278078125 0.5882083333333333 0.019265625 0.03383333333333333
0 0.48412499999999997 0.0410625 0.022421875 0.026083333333333333
0 0.46948437500000006 0.18620833333333334 0.029875000000000002 0.03960416666666667
0 0.8999062500000001 0.28939583333333335 0.022796875 0.018125
0 0.4140625 0.10147916666666666 0.0171875 0.0230625