0 0.94140625 0.38835416666666667 0.023109374999999998 0.030916666666666665
0 0.32275 0.518875 0.022078125 0.0334375
0 0.326171875 0.4417291666666667 0.020374999999999997 0.029479166666666667
0 0.186640625 0.3333333333333333 0.0260625 0.04764583333333334
0 0.263421875 0.5488333333333333 0.0260625 0.0334375
0 0.6748125 0.5143333333333333 0.017640625 0.022375
0 0.690921875 0.08602083333333334 0.021703125 0.0284375
0 0.682125 0.6240208333333332 0.022796875 0.0280625
0 0.287109375 0.918625 0.016718749999999998 0.027791666666666666
0 0.307375 0.24316666666666667 0.02190625 0.034333333333333334
0 0.315921875 0.5755208333333334 0.0313125 0.049479166666666664
0 0.11046875 0.49445833333333333 0.02284375 0.0163125
0 0.12598437499999998 0.11654166666666667 0.029484375 0.038625
0 0.676265625 0.220875 0.05728124999999999 0.0321875
0 0.511234375 0.4674583333333333 0.01525 0.030916666666666665
0 0.2473125 0.3863958333333333 0.020015625000000002 0.018125
0 0.216796875 0.6979166666666666 0.017296875 0.02625
0 0.18859375 0.27310416666666665 0.0205625 0.024541666666666666
0 0.349609375 0.5039166666666667 0.013640625 0.017895833333333333
0 0.42260937500000006 0.5458958333333332 0.0140625 0.022208333333333333
0 0.5913125 0.2055625 0.034937499999999996 0.025020833333333332
0 0.47095312500000003 0.46127083333333335 0.01178125 0.014270833333333333
0 0.22521874999999997 0.49022916666666666 0.015953125000000002 0.018187500000000002
0 0.5649375 0.8229166666666666 0.039125 0.05395833333333333
0 0.753421875 0.3100625 0.02409375 0.0266875
0 0.290765625 0.51075 0.013796875 0.018666666666666668
0 0.617671875 0.376625 0.016015625 0.018125
0 0.305171875 0.5771458333333332 0.01571875 0.020479166666666666
0 0.1171875 0.18620833333333334 0.017906250000000002 0.021354166666666667
0 0.368890625 0.972 0.015546874999999998 0.028833333333333332
0 0.802734375 0.46679166666666666 0.04553125 0.0555
0 0.517578125 0.28500000000000003 0.020890625 0.032
0 0.63575 0.3333333333333333 0.08178125 0.09472916666666667
0 0.305671875 0.8847708333333333 0.013421875 0.021958333333333333
0 0.443359375 0.17204166666666668 0.097046875 0.057374999999999995
0 0.62109375 0.46418750000000003 0.040015625 0.03720833333333333
0 0.33984375 0.7057291666666666 0.014499999999999999 0.023
0 0.45824999999999994 0.35612499999999997 0.014734375 0.020104166666666666
0 0.10175000000000001 0.22591666666666665 0.022421875 0.021041666666666667