0 0.397953125 0.42935416666666665 0.018765625 0.016833333333333332
0 0.279546875 0.5709583333333333 0.01103125 0.015104166666666667
0 0.369390625 0.5934166666666666 0.012234375 0.015958333333333335
0 0.43189062500000003 0.43783333333333335 0.0305 0.026041666666666668
0 0.668453125 0.415375 0.013375000000000001 0.0161875
0 0.508296875 0.42025 0.021703125 0.02335416666666667
0 0.086 0.4417291666666667 0.03353125 0.03691666666666667
0 0.68359375 0.5758541666666667 0.0260625 0.021791666666666668
0 0.620609375 0.7643333333333333 0.02084375 0.0364375
0 0.788578125 0.5885416666666666 0.014390625 0.020166666666666666
0 0.06476562500000001 0.6796875 0.013843749999999998 0.02722916666666667
0 0.42309374999999994 0.557625 0.00971875 0.017770833333333333
0 0.476078125 0.5664166666666667 0.009484375 0.0175
0 0.292 0.4179791666666667 0.0625625 0.05602083333333333
0 0.67821875 0.6308541666666667 0.026921875 0.043125
0 0.022109375 0.7753958333333333 0.03365625 0.015333333333333334
0 0.06646875 0.7916666666666666 0.018125 0.019270833333333334
0 0.814453125 0.3515625 0.029031249999999998 0.021625000000000002
0 0.8178750000000001 0.6289166666666667 0.017249999999999998 0.020958333333333336
0 0.65234375 0.8398541666666667 0.0195 0.03135416666666667
0 0.61475 0.5589166666666666 0.014171875 0.016020833333333335
0 0.630375 0.6305416666666667 0.013796875 0.019270833333333334
0 0.43432812500000006 0.20525 0.010953125 0.013291666666666667