0 0.848171875 0.1191875 0.2015625 0.2341875
0 0.9615937499999999 0.39416666666666667 0.076828125 0.29804166666666665
0 0.88671875 0.6332083333333334 0.049484375000000004 0.07820833333333334
0 0.550296875 0.024854166666666667 0.0145625 0.0183125
0 0.525390625 0.07820833333333334 0.015421874999999998 0.026145833333333333
0 0.9008749999999999 0.7818958333333333 0.07520312500000001 0.17024999999999998
0 0.64209375 0.3333333333333333 0.0145625 0.02002083333333333
0 0.6381875 0.22933333333333333 0.014328125 0.0175
0 0.82715625 0.6731874999999999 0.0315 0.034479166666666665
0 0.132328125 0.6738333333333333 0.0288125 0.028708333333333332
0 0.7006875 0.17366666666666666 0.0195 0.024583333333333336
0 0.110109375 0.7298125 0.020765625 0.025791666666666668
0 0.84765625 0.35189583333333335 0.114984375 0.19483333333333333
0 0.8520468749999999 0.75 0.021156249999999998 0.024687499999999998
0 0.8217812500000001 0.8984375 0.021625 0.023708333333333335
0 0.16015625 0.037562500000000006 0.027437499999999997 0.0439375
0 0.711921875 0.196625 0.022578124999999998 0.028125
0 0.284421875 0.3720625 0.015187500000000001 0.025020833333333332
0 0.870125 0.8613333333333333 0.049953125 0.07966666666666668
0 0.559078125 0.5905 0.01178125 0.014270833333333333
0 0.78271875 0.34700000000000003 0.018234375 0.022291666666666664
0 0.57715625 0.38054166666666667 0.013593749999999998 0.016770833333333336
0 0.48364062499999994 0.057937499999999996 0.030375000000000003 0.040375
0 0.673828125 0.26464583333333336 0.01328125 0.0149375
0 0.395265625 0.8828125 0.150515625 0.2211875
0 0.793453125 0.69075 0.012718750000000001 0.015958333333333335