0 0.353 0.068 0.031515625000000005 0.04504166666666667
0 0.355734375 0.11158333333333334 0.023953125 0.0384375
0 0.342703125 0.13397916666666668 0.05 0.03808333333333334
0 0.386203125 0.0548125 0.027609375000000002 0.03254166666666666
0 0.38932812499999997 0.11106250000000001 0.0234375 0.0478125
0 0.39465625000000004 0.14854166666666666 0.031515625000000005 0.03945833333333334
0 0.393484375 0.21260416666666665 0.031765625 0.066875
0 0.36328125 0.25460416666666663 0.0234375 0.03283333333333333
0 0.356515625 0.33029166666666665 0.0515625 0.07308333333333333
0 0.356375 0.4063333333333333 0.07473437499999999 0.0654375
0 0.41040625000000003 0.38379166666666664 0.02640625 0.030229166666666665
0 0.44825 0.3984375 0.01578125 0.01964583333333333
0 0.5024375 0.44758333333333333 0.015671875 0.019187500000000003
0 0.418453125 0.3395208333333333 0.019765625000000002 0.021958333333333333
0 0.46606249999999994 0.4140625 0.016593749999999997 0.017104166666666667
0 0.374265625 0.5777916666666666 0.03253125 0.030916666666666665
0 0.405765625 0.4961041666666667 0.018640625 0.024958333333333336
0 0.314453125 0.38866666666666666 0.020015625000000002 0.03520833333333333
0 0.3723125 0.4947916666666667 0.031375 0.034479166666666665
0 0.38646875 0.02802083333333333 0.025 0.03997916666666667
0 0.5913125 0.5553333333333333 0.01390625 0.017354166666666667
0 0.483890625 0.432625 0.015187500000000001 0.0175
0 0.405765625 0.5270208333333334 0.013593749999999998 0.017770833333333333
0 0.387453125 0.6393333333333333 0.017859375 0.030916666666666665
0 0.388421875 0.6809999999999999 0.0200625 0.030520833333333334