0 0.45142187500000003 0.2578125 0.0315625 0.040375
0 0.294671875 0.16047916666666667 0.01621875 0.02264583333333333
0 0.41137499999999994 0.5771458333333332 0.083125 0.16283333333333333
0 0.5078125 0.2630208333333333 0.081359375 0.1190625
0 0.21240625 0.2540625 0.0624375 0.06229166666666666
0 0.2815 0.03983333333333334 0.019640625000000002 0.0230625
0 0.59521875 0.4515 0.02153125 0.027854166666666666
0 0.316890625 0.4726666666666667 0.08446875000000001 0.10375
0 0.43529687499999997 0.3479791666666667 0.020421875 0.028166666666666666
0 0.479984375 0.515625 0.027171875 0.02025
0 0.413578125 0.17204166666666668 0.03753125 0.0410625
0 0.37174999999999997 0.2829375 0.069015625 0.037375000000000005
0 0.430984375 0.482375 0.065109375 0.141125
0 0.44167187500000005 0.40095833333333336 0.060421875 0.12066666666666667
0 0.571296875 0.5335208333333333 0.023765625000000002 0.0705625