0 0.47143750000000006 0.9264375 0.074765625 0.07483333333333334
0 0.11840625 0.6305416666666667 0.04453125 0.1915625
0 0.525390625 0.7317708333333334 0.144171875 0.17545833333333333
0 0.411625 0.6790416666666667 0.05440625 0.06872916666666667
0 0.54296875 0.49414583333333334 0.012828125000000001 0.017354166666666667
0 0.505859375 0.5973333333333334 0.013328125 0.018458333333333334
0 0.512203125 0.49935416666666665 0.01159375 0.014145833333333333
0 0.62109375 0.22460416666666666 0.021812500000000002 0.0245
0 0.099796875 0.25195833333333334 0.02284375 0.026354166666666668
0 0.08301562500000001 0.16047916666666667 0.018765625 0.022458333333333334
0 0.102296875 0.31625000000000003 0.068171875 0.08927083333333334
0 0.45532812500000003 0.15812500000000002 0.028968749999999998 0.04410416666666667
0 0.41967187499999997 0.12891666666666668 0.036890624999999996 0.05416666666666667
0 0.401375 0.32599999999999996 0.025515624999999997 0.03389583333333333
0 0.516609375 0.42741666666666667 0.012671874999999999 0.016395833333333335
0 0.321296875 0.3828125 0.028703125000000003 0.02802083333333333
0 0.09234375 0.4886041666666667 0.017640625 0.021125
0 0.432625 0.5664166666666667 0.015484375 0.021625000000000002
0 0.11754687500000001 0.45377083333333335 0.1065 0.14802083333333332
0 0.3725625 0.2932916666666667 0.017046875 0.015291666666666667
0 0.47803125 0.06775 0.030859375 0.02733333333333333
0 0.10778125000000001 0.17008333333333334 0.10053125 0.1048125
0 0.520515625 0.11677083333333332 0.0140625 0.023
0 0.8539999999999999 0.35189583333333335 0.024390625 0.0270625
0 0.251703125 0.4957708333333333 0.094171875 0.11760416666666668
0 0.13403125 0.4179791666666667 0.019609375000000002 0.020958333333333336
0 0.534671875 0.22379166666666667 0.0195625 0.029666666666666668
0 0.46118750000000003 0.5559999999999999 0.016984375 0.0321875
0 0.356453125 0.2638333333333333 0.015484375 0.028874999999999998
0 0.43775000000000003 0.30420833333333336 0.012015625 0.015708333333333335
0 0.539546875 0.25797916666666665 0.010609375 0.017354166666666667
0 0.48412499999999997 0.32535416666666667 0.013843749999999998 0.018604166666666665
0 0.3725625 0.6816458333333333 0.01484375 0.017833333333333333
0 0.78515625 0.2986666666666667 0.025953125 0.01964583333333333