0 0.701171875 0.5852916666666667 0.015421874999999998 0.021625000000000002
0 0.321046875 0.6836041666666667 0.028875 0.03502083333333333
0 0.79053125 0.20572916666666666 0.022578124999999998 0.028645833333333332
0 0.479984375 0.6881458333333333 0.03240625 0.027416666666666666
0 0.620609375 0.8912708333333333 0.038234375 0.04495833333333333
0 0.680171875 0.25635416666666666 0.02784375 0.034874999999999996
0 0.536140625 0.31656249999999997 0.021046875 0.02264583333333333
0 0.47387499999999994 0.5751875 0.026859375 0.020958333333333336
0 0.327875 0.43716666666666665 0.02059375 0.021458333333333336
0 0.250484375 0.41470833333333335 0.027734375 0.02685416666666667
0 0.56884375 0.20979166666666668 0.026453125 0.0240625
0 0.411625 0.43424999999999997 0.026359375 0.021708333333333333
0 0.4868125 0.8196666666666667 0.042812499999999996 0.06949999999999999
0 0.3881875 0.4716875 0.014390625 0.0266875
0 0.48706250000000006 0.5058541666666667 0.016843749999999998 0.012895833333333334
0 0.682125 0.7734375 0.0225 0.03720833333333333
0 0.340328125 0.3123333333333333 0.0755625 0.08414583333333334
0 0.42504687499999994 0.6175208333333334 0.074890625 0.06660416666666666
0 0.707515625 0.3932291666666667 0.017640625 0.02025
0 0.6279375 0.24706250000000002 0.044921875 0.04764583333333334
0 0.38575 0.27799999999999997 0.030328125 0.04558333333333333
0 0.806640625 0.3876875 0.0456875 0.06477083333333333
0 0.520015625 0.6598333333333334 0.02303125 0.03045833333333333
0 0.743171875 0.3090833333333334 0.017249999999999998 0.019874999999999997
0 0.276859375 0.3424583333333333 0.022421875 0.021270833333333336
0 0.57178125 0.6601666666666667 0.020453125 0.02272916666666667
0 0.580078125 0.2752291666666667 0.03615625 0.03997916666666667
0 0.40625 0.4716875 0.05225 0.05664583333333333
0 0.429203125 0.31283333333333335 0.01196875 0.015000000000000001
0 0.34153125 0.6142916666666667 0.060671875 0.07166666666666667
0 0.41340625 0.7318125 0.08984375 0.1643125
0 0.29035937500000003 0.3794375 0.096359375 0.06375
0 0.3954375 0.3641666666666667 0.079953125 0.07485416666666667
0 0.215328125 0.45866666666666667 0.03353125 0.03325
0 0.11676562500000001 0.4231875 0.033265625 0.036145833333333335
0 0.456546875 0.7246041666666667 0.073421875 0.07254166666666667