0 0.49043749999999997 0.11360416666666667 0.033109375 0.080375
0 0.480953125 0.5286458333333334 0.014328125 0.028708333333333332
0 0.441890625 0.27749999999999997 0.03021875 0.04152083333333333
0 0.488765625 0.3763125 0.026203125 0.04572916666666667
0 0.44506249999999997 0.4156875 0.02865625 0.043125
0 0.414546875 0.2950833333333333 0.025859375 0.03325
0 0.49071875 0.48762500000000003 0.03409375 0.038625
0 0.47681250000000003 0.5791041666666668 0.012718750000000001 0.022375
0 0.44434375 0.46225 0.029546875 0.031875
0 0.445796875 0.38216666666666665 0.028484375 0.0444375
0 0.44506249999999997 0.18783333333333332 0.0140625 0.03602083333333333
0 0.479984375 0.23714583333333333 0.02084375 0.05025