0 0.4165 0.17204166666666668 0.087703125 0.05264583333333333
0 0.4140625 0.8997499999999999 0.01009375 0.017833333333333333
0 0.38671875 0.9479166666666666 0.015953125000000002 0.025833333333333333
0 0.42651562500000006 0.8763124999999999 0.010734375 0.016770833333333336
0 0.470703125 0.2319375 0.027437499999999997 0.03377083333333333
0 0.585453125 0.8632916666666667 0.026453125 0.03827083333333334
0 0.619140625 0.6822916666666666 0.027687499999999997 0.04183333333333333
0 0.7006875 0.05335416666666667 0.021703125 0.0259375
0 0.9213906250000001 0.7662708333333333 0.032109375 0.0439375
0 0.55371875 0.8398541666666667 0.01871875 0.020562499999999997
0 0.5234375 0.48925 0.055421874999999995 0.057937499999999996
0 0.50146875 0.5286458333333334 0.13684375 0.17691666666666667
0 0.548828125 0.9667916666666667 0.017296875 0.02272916666666667
0 0.44067187499999994 0.4091875 0.059328124999999995 0.045375000000000006
0 0.792 0.560875 0.025374999999999998 0.025729166666666668
0 0.13 0.048666666666666664 0.02165625 0.0253125
0 0.52246875 0.05395833333333333 0.020499999999999997 0.024541666666666666
0 0.239875 0.14885416666666668 0.014171875 0.018541666666666668
0 0.47021875 0.5390625 0.044437500000000005 0.05264583333333333
0 0.32421875 0.5472083333333334 0.014390625 0.018541666666666668
0 0.55078125 0.3554791666666667 0.06153125 0.065875
0 0.159421875 0.24072916666666666 0.015078125000000001 0.022375
0 0.39746875 0.5712916666666668 0.02434375 0.0414375
0 0.6435625 0.643875 0.010859375000000001 0.014875
0 0.484375 0.37402083333333336 0.018484375 0.023708333333333335
0 0.5288125 0.9628958333333333 0.01634375 0.02002083333333333
0 0.17065625 0.20116666666666666 0.016718749999999998 0.021125
0 0.608859375 0.9048958333333333 0.019796875 0.048666666666666664
0 0.633796875 0.7695416666666667 0.015359375 0.034395833333333334
0 0.46875 0.5869166666666668 0.02665625 0.033625
0 0.40478125 0.44987499999999997 0.02828125 0.03225
0 0.3464375 0.653 0.018828125 0.0248125
0 0.430671875 0.5553333333333333 0.019765625000000002 0.027125
0 0.9379843749999999 0.8391875 0.018046875 0.023