0 0.8081093750000001 0.43945833333333334 0.0199375 0.017166666666666667
0 0.3620625 0.21745833333333334 0.012234375 0.017770833333333333
0 0.69434375 0.415375 0.010562499999999999 0.01175
0 0.47876562500000003 0.3564375 0.010781250000000001 0.013729166666666666
0 0.2944375 0.26660416666666664 0.01234375 0.016645833333333335
0 0.418953125 0.27539583333333334 0.038546875 0.0460625
0 0.693359375 0.5878958333333333 0.018015625 0.0160625
0 0.6279375 0.28954166666666664 0.020453125 0.024354166666666666
0 0.383796875 0.32585416666666667 0.011828125 0.015291666666666667
0 0.327875 0.47622916666666665 0.017906250000000002 0.015166666666666667
0 0.49048437500000003 0.338875 0.016843749999999998 0.020958333333333336
0 0.45728125000000003 0.361 0.013375000000000001 0.017104166666666667
0 0.4453125 0.33918750000000003 0.009421875 0.012083333333333333
0 0.371828125 0.4515 0.024234375 0.020729166666666667
0 0.5341875 0.2718125 0.009093750000000001 0.01225
0 0.628421875 0.40689583333333335 0.013015625 0.015166666666666667
0 0.44165625000000003 0.5094375 0.014171875 0.014083333333333333
0 0.310546875 0.6744791666666666 0.012234375 0.017020833333333332
0 0.557125 0.370125 0.030625000000000003 0.03333333333333333
0 0.065 0.42285416666666664 0.015671875 0.016833333333333332
0 0.723140625 0.39908333333333335 0.03671875 0.037270833333333336
0 0.91015625 0.42154166666666665 0.013328125 0.014416666666666666
0 0.49634375000000003 0.4674583333333333 0.04184375 0.027416666666666666
0 0.42407812500000003 0.37435416666666665 0.020640625000000003 0.028833333333333332
0 0.1900625 0.29622916666666665 0.011734375 0.015333333333333334
0 0.292484375 0.45995833333333336 0.0140625 0.014083333333333333
0 0.590328125 0.37956249999999997 0.012046875 0.016458333333333335
0 0.19275 0.4908958333333333 0.02271875 0.017020833333333332
0 0.271234375 0.30435416666666665 0.013734374999999998 0.022916666666666665
0 0.8046875 0.36393749999999997 0.015546874999999998 0.018041666666666668
0 0.12432812499999998 0.43195833333333333 0.01871875 0.018125
0 0.521484375 0.37533333333333335 0.023765625000000002 0.022291666666666664
0 0.296140625 0.4388125 0.026109375 0.019791666666666666
0 0.633296875 0.34408333333333335 0.0808125 0.07197916666666666
0 0.26075 0.4739583333333333 0.01484375 0.013770833333333335
0 0.293453125 0.3636041666666667 0.029249999999999998 0.045125
0 0.599609375 0.4908958333333333 0.03396875 0.030708333333333334
0 0.657234375 0.3245416666666667 0.03409375 0.030583333333333334
0 0.41235937500000003 0.17302083333333332 0.014390625 0.0165625
0 0.71240625 0.4544375 0.019203124999999998 0.01875
0 0.35840625 0.38606250000000003 0.020765625 0.029604166666666668
0 0.12621875 0.3255208333333333 0.0130625 0.021041666666666667
0 0.18640625 0.4544375 0.022109375 0.015645833333333335
0 0.47240624999999997 0.23552083333333332 0.02790625 0.029208333333333333
0 0.3200625 0.34602083333333333 0.028171875000000002 0.032375
0 0.667 0.5211666666666667 0.04146875 0.0320625
0 0.49243750000000003 0.5022708333333333 0.022890625 0.0199375
0 0.42601562499999995 0.4674791666666666 0.041765625 0.03502083333333333
0 0.765484375 0.45827083333333335 0.057437499999999996 0.034687499999999996
0 0.75634375 0.40950000000000003 0.0249375 0.01875