0 0.528484375 0.7174999999999999 0.082359375 0.0674375
0 0.5865625 0.48072916666666665 0.015375 0.023479166666666666
0 0.5600625 0.3828125 0.0145625 0.021041666666666667
0 0.3518125 0.43652083333333336 0.016015625 0.0195625
0 0.3986875 0.49252083333333335 0.01428125 0.017979166666666668
0 0.530765625 0.40722916666666664 0.014109374999999999 0.016958333333333336
0 0.557125 0.6598333333333334 0.012531249999999999 0.017020833333333332
0 0.380125 0.47981250000000003 0.01621875 0.021041666666666667
0 0.3984375 0.5208333333333334 0.018187500000000002 0.02272916666666667
0 0.604984375 0.3968125 0.011734375 0.012354166666666666
0 0.504390625 0.6419374999999999 0.015359375 0.017166666666666667
0 0.466796875 0.7434999999999999 0.01590625 0.0320625
0 0.46557812500000006 0.657875 0.0403125 0.04739583333333333
0 0.44262499999999994 0.6972708333333333 0.010328125 0.012125
0 0.5415 0.6731874999999999 0.008984375 0.013770833333333335
0 0.625984375 0.5208333333333334 0.013375000000000001 0.017625000000000002
0 0.4399375 0.50325 0.013484375000000002 0.015333333333333334
0 0.651375 0.43554166666666666 0.011640625 0.014479166666666666
0 0.38671875 0.5595625 0.03021875 0.035145833333333334
0 0.595703125 0.6253541666666667 0.034453125 0.039625