0 0.5270625 0.6965208333333333 0.014453125 0.023770833333333335
0 0.606890625 0.54925 0.012140624999999999 0.0145625
0 0.6308906249999999 0.5838541666666667 0.00809375 0.008583333333333333
0 0.5899687499999999 0.6270208333333334 0.010125 0.010104166666666666
0 0.766015625 0.63175 0.016625 0.017625000000000002
0 0.441109375 0.4387708333333334 0.040625 0.06741666666666667
0 0.521578125 0.30404166666666665 0.06709375 0.040854166666666664
0 0.761671875 0.20602083333333335 0.013671875 0.013416666666666667
0 0.637828125 0.18045833333333333 0.008171875 0.02175
0 0.79459375 0.14391666666666666 0.00965625 0.014041666666666668
0 0.569890625 0.22845833333333332 0.017234375 0.017541666666666667