0 0.605953125 0.3323541666666667 0.01209375 0.014375
0 0.44848437499999994 0.65625 0.015609375 0.018458333333333334
0 0.257328125 0.47331249999999997 0.02084375 0.0259375
0 0.3620625 0.6536458333333334 0.01178125 0.018041666666666668
0 0.51953125 0.42220833333333335 0.023765625000000002 0.029770833333333333
0 0.495125 0.29020833333333335 0.01771875 0.021791666666666668
0 0.3361875 0.5446041666666667 0.015187500000000001 0.020562499999999997
0 0.50684375 0.088625 0.02175 0.023875
0 0.531734375 0.7617291666666667 0.017984375 0.024687499999999998
0 0.4873125 0.23616666666666666 0.01196875 0.014604166666666666
0 0.492671875 0.6822916666666666 0.01209375 0.018604166666666665
0 0.41626562500000003 0.8020833333333334 0.018234375 0.02325
0 0.44800000000000006 0.5257083333333333 0.013015625 0.02033333333333333
0 0.501953125 0.1866875 0.012531249999999999 0.016770833333333336
0 0.8154375 0.4596458333333333 0.014453125 0.018666666666666668
0 0.24548437500000003 0.25635416666666666 0.011640625 0.016395833333333335
0 0.519046875 0.025458333333333336 0.012531249999999999 0.020645833333333332
0 0.397953125 0.5843125 0.012578125 0.015645833333333335
0 0.098453125 0.0479375 0.018437500000000002 0.020166666666666666
0 0.19896875 0.0525625 0.012875000000000001 0.02685416666666667
0 0.2685625 0.41341666666666665 0.015671875 0.024916666666666667
0 0.443359375 0.29183333333333333 0.013015625 0.016833333333333332
0 0.57325 0.2200625 0.010984375000000001 0.015770833333333335
0 0.587890625 0.0225625 0.015296874999999998 0.017625000000000002
0 0.63525 0.19579166666666667 0.013218750000000001 0.0139375