0 0.249640625 0.25716666666666665 0.02590625 0.0316875
0 0.61328125 0.25145833333333334 0.025750000000000002 0.03175
0 0.562984375 0.13664583333333333 0.0200625 0.025895833333333333
0 0.44653124999999994 0.4961041666666667 0.034875 0.04083333333333334
0 0.55225 0.6653749999999999 0.021015625 0.021354166666666667
0 0.3205625 0.3149375 0.017109375 0.020479166666666666
0 0.585453125 0.4973958333333333 0.018296875 0.023625
0 0.42065625000000006 0.5211666666666667 0.04321875 0.0525625
0 0.321046875 0.34408333333333335 0.022203125 0.025104166666666667
0 0.396234375 0.5751875 0.012421875 0.0135625
0 0.49535937499999994 0.4817708333333333 0.025 0.025208333333333333
0 0.2915 0.30695833333333333 0.0255625 0.029145833333333333
0 0.52196875 0.16333333333333336 0.01871875 0.018458333333333334
0 0.642578125 0.45116666666666666 0.052703124999999997 0.059250000000000004
0 0.38403125 0.310875 0.022984375 0.024166666666666666
0 0.542703125 0.5932708333333333 0.127078125 0.08864583333333333