0 0.43189062500000003 0.40168750000000003 0.020796875 0.02675
0 0.515625 0.359375 0.029078125 0.030979166666666665
0 0.51709375 0.22102083333333333 0.018515625 0.022375
0 0.57275 0.22297916666666667 0.014000000000000002 0.027520833333333335
0 0.48949999999999994 0.4205833333333333 0.03278125 0.028645833333333332
0 0.46240625 0.25666666666666665 0.017249999999999998 0.0195
0 0.047609374999999995 0.5947291666666668 0.0140625 0.016958333333333336
0 0.3464375 0.32585416666666667 0.02759375 0.035333333333333335
0 0.41235937500000003 0.439125 0.0225 0.04029166666666666
0 0.48046875 0.6152291666666667 0.012140624999999999 0.022125
0 0.590328125 0.25033333333333335 0.01146875 0.017354166666666667
0 0.49145312499999994 0.62825 0.357171875 0.5869166666666668
0 0.46801562499999994 0.34341666666666665 0.012375 0.015958333333333335
0 0.056640625 0.8072916666666666 0.031140624999999998 0.03575
0 0.590328125 0.3802083333333333 0.021124999999999998 0.026895833333333334
0 0.522953125 0.26660416666666664 0.014171875 0.016395833333333335
0 0.569828125 0.2669375 0.013125000000000001 0.015583333333333334
0 0.3984375 0.4088541666666667 0.012140624999999999 0.015333333333333334
0 0.40503125000000006 0.3632916666666667 0.032718750000000005 0.0318125
0 0.43139062499999997 0.43716666666666665 0.047515625 0.05835416666666667
0 0.92871875 0.43522916666666667 0.025046875000000003 0.021208333333333333
0 0.120828125 0.70925 0.064578125 0.11225