0 0.20801562499999998 0.47331249999999997 0.01484375 0.016958333333333336
0 0.35034375 0.17220833333333332 0.031203124999999998 0.03164583333333333
0 0.463875 0.3815208333333333 0.016593749999999997 0.021125
0 0.171015625 0.359375 0.021453125 0.0243125
0 0.40845312500000003 0.2613958333333333 0.0199375 0.023708333333333335
0 0.437015625 0.5423125 0.013125000000000001 0.016895833333333332
0 0.281984375 0.35904166666666665 0.02284375 0.0234375
0 0.276609375 0.1945 0.025859375 0.03383333333333333
0 0.71778125 0.34310416666666665 0.022984375 0.029
0 0.411140625 0.5341875 0.015015625 0.02033333333333333
0 0.46606249999999994 0.1193125 0.031671875 0.043541666666666666
0 0.578609375 0.26075 0.022671875 0.034229166666666665
0 0.399421875 0.15975 0.046484375 0.04152083333333333
0 0.257078125 0.2955833333333333 0.029249999999999998 0.034874999999999996
0 0.43432812500000006 0.36522916666666666 0.02615625 0.028208333333333332
0 0.35278125 0.31202083333333336 0.038328125000000005 0.03129166666666667
0 0.711921875 0.199875 0.014624999999999999 0.018395833333333333
0 0.43334374999999997 0.46289583333333334 0.028703125000000003 0.018125