0 0.50178125 0.2801458333333333 0.017374999999999998 0.0353125
0 0.42932812499999995 0.6271041666666667 0.09203125 0.11204166666666666
0 0.292375 0.29158333333333336 0.04684375 0.08256250000000001
0 0.5563906249999999 0.12277083333333333 0.146734375 0.1840625
0 0.552375 0.2574166666666667 0.02890625 0.05327083333333334
0 0.42748437499999997 0.09204166666666666 0.08709375 0.11083333333333334
0 0.47534375000000006 0.30695833333333333 0.008843750000000001 0.016395833333333335
0 0.546875 0.24560416666666668 0.01578125 0.013666666666666666
0 0.44506249999999997 0.8333333333333334 0.0419375 0.12183333333333332
0 0.500484375 0.36425 0.014953125000000001 0.02802083333333333
0 0.508796875 0.5192083333333334 0.012765625 0.017833333333333333
0 0.5024375 0.3893333333333333 0.021578125 0.04675
0 0.5 0.4886041666666667 0.02434375 0.03333333333333333
0 0.38646875 0.09985416666666666 0.01040625 0.0143125
0 0.40064062500000003 0.9544374999999999 0.01984375 0.03697916666666667
0 0.501953125 0.4495416666666667 0.026265624999999997 0.043041666666666666
0 0.42456250000000006 0.27377083333333335 0.012531249999999999 0.010791666666666666
0 0.49731249999999994 0.5758541666666667 0.018546874999999997 0.01625
0 0.346265625 0.9664375 0.0503125 0.0539375
0 0.38093750000000004 0.9603333333333333 0.01903125 0.056374999999999995