0 0.4203125 0.5771458333333332 0.059375 0.07375
0 0.560546875 0.616375 0.19140625 0.17304166666666668
0 0.326171875 0.14595833333333333 0.055984374999999996 0.058604166666666666
0 0.36028125 0.4160625 0.025265625000000003 0.043250000000000004
0 0.072515625 0.051479166666666666 0.034234375 0.04320833333333333
0 0.20837500000000003 0.28500000000000003 0.026765624999999998 0.025500000000000002
0 0.340828125 0.2856458333333334 0.028015625 0.0316875
0 0.24059375 0.13760416666666667 0.02753125 0.033125
0 0.3935625 0.5231041666666667 0.029593750000000002 0.04558333333333333
0 0.05865625 0.4244791666666667 0.11474999999999999 0.18375
0 0.53271875 0.5719375 0.067078125 0.10204166666666666
0 0.444828125 0.6097083333333334 0.091375 0.102625
0 0.562984375 0.23420833333333332 0.018046875 0.020645833333333332
0 0.41576562499999997 0.10114583333333332 0.014499999999999999 0.021125
0 0.638671875 0.027125 0.0199375 0.023708333333333335
0 0.434078125 0.4781875 0.025046875000000003 0.034749999999999996
0 0.17676562499999998 0.03885416666666666 0.0315 0.033499999999999995
0 0.82421875 0.7395833333333334 0.01628125 0.017166666666666667
0 0.504890625 0.1285 0.022421875 0.025104166666666667
0 0.394046875 0.57975 0.025124999999999998 0.0765
0 0.20934375 0.04135416666666667 0.02865625 0.0334375
0 0.8608437500000001 0.7649791666666667 0.01640625 0.020395833333333332
0 0.039421875 0.6188125 0.03678125 0.06989583333333332
0 0.409671875 0.5364583333333334 0.02753125 0.041604166666666664
0 0.10089062499999998 0.31575000000000003 0.030109375 0.0330625