0 0.6015625 0.352875 0.016921875 0.018895833333333334
0 0.663578125 0.370125 0.01590625 0.017708333333333333
0 0.461421875 0.35970833333333335 0.037390625 0.08910416666666668
0 0.65478125 0.4114583333333333 0.014390625 0.016770833333333336
0 0.67090625 0.41210416666666666 0.012718750000000001 0.016395833333333335
0 0.7211875 0.4567083333333333 0.017515625 0.019708333333333335
0 0.710453125 0.5520833333333334 0.046546875 0.05395833333333333
0 0.57178125 0.22818750000000002 0.01621875 0.013875
0 0.517578125 0.27749999999999997 0.012578125 0.015645833333333335
0 0.48607812499999997 0.5250625 0.037328125000000004 0.03858333333333333
0 0.677734375 0.47883333333333333 0.02071875 0.022458333333333334
0 0.472171875 0.7324166666666667 0.01103125 0.021791666666666668
0 0.594234375 0.514 0.014734375 0.014041666666666668
0 0.50634375 0.47689583333333335 0.014953125000000001 0.01825
0 0.296390625 0.4801458333333333 0.01621875 0.01875
0 0.42993750000000003 0.40950000000000003 0.012671874999999999 0.015458333333333333
0 0.536140625 0.42675 0.0110625 0.012750000000000001
0 0.65625 0.5817083333333334 0.0304375 0.03395833333333333
0 0.597171875 0.29720833333333335 0.011875 0.015708333333333335
0 0.3725625 0.9147083333333333 0.029593750000000002 0.065625
0 0.48340625 0.597 0.05759375 0.058145833333333334
0 0.44653124999999994 0.9355416666666667 0.016984375 0.0195
0 0.50634375 0.53125 0.027171875 0.034874999999999996
0 0.640140625 0.34472916666666664 0.020171875 0.017770833333333333
0 0.608890625 0.9316458333333333 0.051937500000000004 0.07539583333333333
0 0.70215625 0.4856875 0.01196875 0.013875