0 0.3609375 0.5646458333333333 0.044796875 0.06264583333333333
0 0.335203125 0.6393333333333333 0.04303125 0.051604166666666666
0 0.384765625 0.4752708333333333 0.038234375 0.057291666666666664
0 0.9067343749999999 0.5582708333333334 0.0115 0.016770833333333336
0 0.369625 0.31966666666666665 0.014328125 0.010375
0 0.4404375 0.4192708333333333 0.012718750000000001 0.035083333333333334
0 0.82421875 0.060145833333333336 0.019265625 0.0228125
0 0.668453125 0.6136041666666666 0.0249375 0.035145833333333334
0 0.520015625 0.6083958333333332 0.009515625 0.014604166666666666
0 0.42212500000000003 0.35970833333333335 0.00971875 0.013291666666666667
0 0.515140625 0.5240833333333333 0.035484375 0.04564583333333334
0 0.4248125 0.1638125 0.011828125 0.014083333333333333
0 0.33410937500000004 0.306 0.027609375000000002 0.052270833333333336