0 0.504890625 0.39779166666666665 0.399421875 0.18391666666666667
0 0.40990624999999997 0.8841249999999999 0.019609375000000002 0.02335416666666667
0 0.4506875 0.6744791666666666 0.022625 0.03960416666666667
0 0.9663125000000001 0.6836041666666667 0.024890625 0.028874999999999998
0 0.892578125 0.3346458333333333 0.035828125 0.03164583333333333
0 0.11126562499999999 0.292 0.210453125 0.20914583333333334
0 0.9721718750000001 0.470375 0.035609375 0.0364375
0 0.93653125 0.3408125 0.03775 0.03147916666666666
0 0.8960000000000001 0.8112083333333333 0.023609375 0.026291666666666665
0 0.318359375 0.5481874999999999 0.017906250000000002 0.03160416666666667
0 0.59765625 0.6809999999999999 0.03125 0.03885416666666666
0 0.75684375 0.338875 0.056546874999999996 0.06185416666666667
0 0.62109375 0.5478541666666668 0.04840625 0.06116666666666667
0 0.861328125 0.8242291666666667 0.03540625 0.03175
0 0.900390625 0.6399791666666667 0.030953124999999998 0.050416666666666665
0 0.270265625 0.5826875 0.05965625 0.0544375
0 0.42407812500000003 0.9140625 0.034421875000000005 0.032375
0 0.391359375 0.3984375 0.058015625 0.04695833333333333
0 0.3254375 0.7057291666666666 0.045875 0.0545625
0 0.5024375 0.703125 0.022468750000000003 0.05664583333333333
0 0.470703125 0.4869791666666667 0.02390625 0.043458333333333335
0 0.49779687499999997 0.18114583333333334 0.060421875 0.05477083333333333
0 0.6094999999999999 0.8488125 0.133078125 0.12747916666666667
0 0.22004687500000003 0.49262500000000004 0.091140625 0.10954166666666666