0 0.482296875 0.43539583333333337 0.016828125 0.023791666666666666
0 0.146734375 0.44454166666666667 0.02634375 0.044520833333333336
0 0.32678124999999997 0.5738125000000001 0.203453125 0.33233333333333337
0 0.5078125 0.21435416666666668 0.02365625 0.029
0 0.182125 0.588875 0.020296875 0.028374999999999997
0 0.54590625 0.33025000000000004 0.02434375 0.02695833333333333
0 0.258796875 0.30062500000000003 0.015953125000000002 0.021041666666666667
0 0.07421875 0.38379166666666664 0.030375000000000003 0.0261875
0 0.500984375 0.29900000000000004 0.0174375 0.022375
0 0.084046875 0.6132916666666667 0.028218749999999997 0.034083333333333334
0 0.265375 0.15672916666666667 0.01621875 0.0308125
0 0.711921875 0.56575 0.019609375000000002 0.021708333333333333
0 0.751953125 0.5803958333333333 0.0315625 0.036083333333333335
0 0.12335937500000001 0.564125 0.021859375 0.023875
0 0.625984375 0.5068333333333334 0.017109375 0.021041666666666667
0 0.08757812499999999 0.4781875 0.03409375 0.034166666666666665
0 0.54540625 0.21045833333333333 0.04271875 0.03858333333333333
0 0.55078125 0.6598333333333334 0.248046875 0.5065208333333333
0 0.716796875 0.4713541666666667 0.01815625 0.025208333333333333
0 0.42065625000000006 0.08114583333333333 0.03390625 0.044645833333333336
0 0.3356875 0.4609375 0.112421875 0.11775000000000001
0 0.146734375 0.96875 0.035734375 0.050708333333333334
0 0.8784218750000001 0.6097083333333334 0.02271875 0.022291666666666664
0 0.629890625 0.13589583333333335 0.01578125 0.0245
0 0.03390625 0.33137500000000003 0.021812500000000002 0.021208333333333333
0 0.309328125 0.08977083333333334 0.01871875 0.017979166666666668
0 0.782234375 0.5211666666666667 0.015359375 0.018604166666666665
0 0.169796875 0.3932291666666667 0.040921875 0.0270625
0 0.954109375 0.5146458333333334 0.026359375 0.03679166666666667
0 0.4560625 0.07864583333333333 0.020499999999999997 0.0259375
0 0.046718749999999996 0.43945833333333334 0.026765624999999998 0.034479166666666665
0 0.240484375 0.4964166666666667 0.011375 0.012604166666666666
0 0.1744375 0.7239583333333334 0.018265625 0.025833333333333333
0 0.3774375 0.4970625 0.056640625 0.14054166666666665
0 0.8198281250000001 0.17691666666666667 0.029140624999999996 0.028479166666666667
0 0.61084375 0.32079166666666664 0.016593749999999997 0.019791666666666666
0 0.146125 0.11343750000000001 0.015078125000000001 0.017562499999999998
0 0.77934375 0.6401875 0.0199375 0.035708333333333335