0 0.5161875 0.6548125 0.021015625 0.043708333333333335
0 0.5400625 0.9234791666666666 0.08010937500000001 0.15302083333333333
0 0.636359375 0.9070416666666666 0.051140624999999995 0.06331250000000001
0 0.49535937499999994 0.7734375 0.022984375 0.0319375
0 0.36084375 0.7994791666666666 0.028484375 0.03841666666666667
0 0.6123125 0.7155 0.021359375 0.031229166666666665
0 0.58740625 0.495125 0.015359375 0.024958333333333336
0 0.62353125 0.5022708333333333 0.0288125 0.0525625
0 0.566890625 0.5042291666666666 0.016015625 0.0256875
0 0.447265625 0.5472083333333334 0.014953125000000001 0.017708333333333333
0 0.401375 0.8665416666666667 0.01634375 0.019791666666666666
0 0.758796875 0.10279166666666667 0.0171875 0.03045833333333333
0 0.35009375 0.34277083333333336 0.014000000000000002 0.017562499999999998