0 0.30078125 0.32779166666666665 0.019171874999999998 0.020958333333333336
0 0.38428125 0.30793750000000003 0.013171875 0.017416666666666667
0 0.531734375 0.2400625 0.01103125 0.015000000000000001
0 0.186890625 0.5276666666666666 0.01196875 0.014812500000000001
0 0.60790625 0.6074166666666667 0.010734375 0.014541666666666668
0 0.45824999999999994 0.7539166666666667 0.016718749999999998 0.0165625
0 0.0314375 0.4935 0.0130625 0.0161875
0 0.39184375 0.8613333333333333 0.012484375 0.016395833333333335
0 0.230953125 0.49804166666666666 0.03359375 0.028208333333333332
0 0.1900625 0.46679166666666666 0.01665625 0.016645833333333335
0 0.18225 0.8372499999999999 0.013328125 0.016458333333333335
0 0.33203125 0.47102083333333333 0.02096875 0.020958333333333336
0 0.2424375 0.8294374999999999 0.01159375 0.015333333333333334
0 0.741703125 0.34341666666666665 0.017984375 0.018395833333333333
0 0.5234375 0.9264375 0.03515625 0.0465
0 0.9321249999999999 0.8502708333333333 0.09601562500000001 0.19058333333333335
0 0.389890625 0.9420625 0.01525 0.018604166666666665
0 0.30103125 0.4648541666666667 0.012375 0.012791666666666666
0 0.417 0.44727083333333334 0.0315 0.029208333333333333
0 0.572265625 0.8587291666666667 0.0099375 0.013083333333333334
0 0.590328125 0.8476666666666667 0.00978125 0.015333333333333334
0 0.167359375 0.5670625 0.31128125 0.10539583333333334
0 0.9663125000000001 0.5765 0.019984375 0.020562499999999997
0 0.47143750000000006 0.379875 0.04271875 0.05485416666666666
0 0.704109375 0.38345833333333335 0.013125000000000001 0.019874999999999997
0 0.40698437500000006 0.9003958333333333 0.020921875 0.03770833333333334
0 0.44409375000000006 0.8971458333333333 0.0219375 0.04589583333333334
0 0.45434374999999994 0.4436875 0.019015625 0.01941666666666667
0 0.300046875 0.8183541666666667 0.013484375000000002 0.015770833333333335
0 0.73528125 0.5708958333333333 0.10112499999999999 0.18083333333333332
0 0.589328125 0.5289583333333333 0.10014062500000001 0.04945833333333333
0 0.44517187500000005 0.5553541666666667 0.09082812500000001 0.060000000000000005
0 0.562609375 0.6809166666666666 0.090234375 0.057854166666666665
0 0.41498437499999996 0.6998125000000001 0.024531249999999998 0.034958333333333334
0 0.430171875 0.5403749999999999 0.09484375 0.04504166666666667
0 0.54053125 0.29785416666666664 0.0805 0.09204166666666666
0 0.659671875 0.7089791666666667 0.07585937499999999 0.0706875
0 0.65528125 0.6227291666666667 0.033390625 0.05516666666666667
0 0.5444375 0.3714166666666667 0.06096875 0.10391666666666667
0 0.3725625 0.7115833333333333 0.0305 0.05570833333333333
0 0.84375 0.22591666666666665 0.046546875 0.09285416666666667