0 0.4663125 0.5231041666666667 0.053015625 0.029895833333333333
0 0.49121875 0.33789583333333334 0.039703125 0.052375
0 0.663578125 0.4166666666666667 0.024515625 0.029083333333333336
0 0.46167187500000006 0.415375 0.068171875 0.08056250000000001
0 0.61475 0.4049583333333333 0.047609374999999995 0.040375
0 0.63965625 0.528 0.023765625000000002 0.0280625
0 0.24975 0.5449166666666667 0.014171875 0.017833333333333333
0 0.6586875 0.37174999999999997 0.01571875 0.023166666666666665
0 0.55078125 0.8268333333333333 0.01640625 0.026000000000000002
0 0.376703125 0.69075 0.011375 0.0161875
0 0.62353125 0.21029166666666665 0.020374999999999997 0.024125
0 0.32421875 0.3564375 0.01178125 0.013770833333333335
0 0.614265625 0.7298125 0.014671875000000001 0.026479166666666668
0 0.42578125 0.384125 0.015359375 0.012791666666666666
0 0.338140625 0.45475 0.015546874999999998 0.016833333333333332
0 0.06384375 0.6881458333333333 0.01609375 0.013979166666666666
0 0.12176562500000002 0.5803958333333333 0.047515625 0.034749999999999996
0 0.327875 0.5055416666666667 0.05225 0.059041666666666666
0 0.080859375 0.7594166666666666 0.127859375 0.18133333333333335
0 0.551953125 0.9342291666666667 0.044015625 0.08995833333333333
0 0.594015625 0.4651875 0.0265625 0.033854166666666664
0 0.664546875 0.43522916666666667 0.034999999999999996 0.06925
0 0.630859375 0.7786458333333334 0.026859375 0.0326875
0 0.442390625 0.3408125 0.01809375 0.01933333333333333
0 0.44653124999999994 0.47883333333333333 0.046296875 0.035479166666666666