0 0.5607656249999999 0.4817708333333333 0.03328125 0.029125
0 0.5315624999999999 0.5167083333333333 0.03503125 0.04908333333333333
0 0.45414062499999996 0.6709791666666667 0.027265624999999998 0.03141666666666667
0 0.459703125 0.7519791666666666 0.012968750000000001 0.02764583333333333
0 0.97915625 0.6572708333333334 0.020734375 0.0775
0 0.49292187500000006 0.6500625 0.019984375 0.04802083333333333
0 0.379890625 0.6393333333333333 0.014109374999999999 0.018666666666666668
0 0.45824999999999994 0.7076875 0.021625 0.030166666666666668
0 0.405765625 0.6259791666666668 0.029078125 0.03908333333333334
0 0.9702187500000001 0.41991666666666666 0.019421874999999998 0.019708333333333335
0 0.9091875 0.8125 0.0260625 0.029041666666666667
0 0.982421875 0.45897916666666666 0.017109375 0.027895833333333335
0 0.46875 0.8378958333333333 0.014000000000000002 0.029895833333333333
0 0.97265625 0.7324166666666667 0.015546874999999998 0.026895833333333334
0 0.8510781250000001 0.40658333333333335 0.02865625 0.03539583333333333
0 0.95703125 0.75 0.019125 0.026083333333333333
0 0.732421875 0.2732708333333333 0.01984375 0.023875
0 0.44653124999999994 0.6162083333333332 0.04921875 0.06527083333333333
0 0.9829062499999999 0.40689583333333335 0.012296875 0.0195
0 0.49048437500000003 0.6940208333333333 0.014000000000000002 0.021208333333333333
0 0.9653281249999999 0.7493541666666667 0.0378125 0.05264583333333333
0 0.8471718750000001 0.42772916666666666 0.02071875 0.030708333333333334
0 0.49439062500000003 0.6067708333333334 0.02225 0.03841666666666667
0 0.699703125 0.35122916666666665 0.01146875 0.014708333333333332
0 0.973640625 0.5931041666666667 0.019375 0.024958333333333336
0 0.713375 0.3398541666666667 0.013953125 0.018041666666666668
0 0.9858437500000001 0.333 0.013421875 0.025416666666666664
0 0.798828125 0.27116666666666667 0.071046875 0.06477083333333333
0 0.46509375000000003 0.574875 0.029421874999999997 0.04747916666666666
0 0.50684375 0.5550208333333334 0.039859375 0.06297916666666667
0 0.951171875 0.7773541666666667 0.08196875 0.13102083333333334
0 0.70459375 0.29654166666666665 0.023953125 0.034666666666666665
0 0.645015625 0.352875 0.029375000000000002 0.035895833333333335
0 0.619625 0.3714166666666667 0.025171875 0.026791666666666665