0 0.40064062500000003 0.48112499999999997 0.017374999999999998 0.022458333333333334
0 0.35521875 0.8170625 0.01653125 0.020104166666666666
0 0.16114062499999998 0.5686875 0.016015625 0.021625000000000002
0 0.43653125 0.5472083333333334 0.01353125 0.015458333333333333
0 0.24279687499999997 0.31135416666666665 0.012015625 0.013833333333333333
0 0.21106250000000001 0.8405 0.032109375 0.050625
0 0.394046875 0.7298125 0.028546875 0.0259375
0 0.19153125 0.6790416666666667 0.029875000000000002 0.043458333333333335
0 0.380125 0.4501875 0.018125 0.028208333333333332
0 0.5649375 0.9056041666666667 0.031671875 0.041229166666666664
0 0.202875 0.4557291666666667 0.013328125 0.017020833333333332
0 0.298578125 0.5358125 0.030921874999999998 0.034479166666666665
0 0.1744375 0.7753958333333333 0.049140625 0.06552083333333333
0 0.307125 0.4235 0.023859375 0.0323125
0 0.10706249999999999 0.7200624999999999 0.015187500000000001 0.02264583333333333
0 0.16259375 0.7298125 0.02284375 0.029958333333333333
0 0.48949999999999994 0.9726666666666667 0.012718750000000001 0.016395833333333335
0 0.1589375 0.8763124999999999 0.1694375 0.23143750000000002
0 0.8217812500000001 0.588875 0.013421875 0.020395833333333332
0 0.353515625 0.1516875 0.037593749999999995 0.04829166666666666
0 0.146484375 0.5302708333333334 0.047421875 0.04845833333333334
0 0.5703125 0.37597916666666664 0.0241875 0.0320625
0 0.868171875 0.6816458333333333 0.020765625 0.029604166666666668
0 0.575203125 0.55175 0.04296875 0.044187500000000005
0 0.557125 0.6836041666666667 0.010125 0.0115625
0 0.50146875 0.26416666666666666 0.012921875 0.023625
0 0.5234375 0.4124375 0.020921875 0.02335416666666667
0 0.8901406250000001 0.8697916666666666 0.1274375 0.24089583333333334
0 0.45434374999999994 0.84375 0.022328124999999997 0.0316875
0 0.986328125 0.43033333333333335 0.013218750000000001 0.013833333333333333
0 0.455078125 0.9362083333333333 0.032046875 0.03741666666666667
0 0.41796875 0.8268333333333333 0.01525 0.0255625
0 0.9829062499999999 0.38314583333333335 0.018187500000000002 0.01904166666666667
0 0.42993750000000003 0.8951875 0.02521875 0.042645833333333334
0 0.570796875 0.5152916666666667 0.009859375 0.013083333333333334
0 0.9018593750000001 0.16227083333333334 0.014234374999999999 0.018979166666666665
0 0.605953125 0.46549999999999997 0.0674375 0.09408333333333332
0 0.51953125 0.07983333333333334 0.011828125 0.017625000000000002
0 0.81640625 0.22802083333333334 0.011875 0.0123125
0 0.349359375 0.38997916666666665 0.031859375 0.043625000000000004
0 0.9560625 0.23975 0.02109375 0.032875
0 0.43042187500000006 0.6181666666666668 0.032953125 0.03770833333333334
0 0.292484375 0.3919375 0.01040625 0.0149375
0 0.47192187499999994 0.6526666666666666 0.009640625 0.011708333333333333
0 0.103390625 0.7539166666666667 0.0099375 0.015166666666666667
0 0.6743125 0.314125 0.018375 0.027270833333333334
0 0.22643749999999999 0.348625 0.031140624999999998 0.034479166666666665
0 0.37865625 0.09985416666666666 0.012015625 0.016958333333333336
0 0.755859375 0.5234375 0.010203125 0.012208333333333333
0 0.778328125 0.7389375 0.010015625 0.012208333333333333
0 0.852546875 0.6829375 0.0099375 0.014145833333333333
0 0.907234375 0.0404375 0.025046875000000003 0.028874999999999998
0 0.272953125 0.361 0.029593750000000002 0.029249999999999998
0 0.262203125 0.620125 0.093203125 0.175125
0 0.8725625000000001 0.8203125 0.009640625 0.014375
0 0.71728125 0.44335416666666666 0.02071875 0.013875
0 0.356453125 0.4729791666666667 0.01196875 0.013458333333333333
0 0.250484375 0.20508333333333334 0.01909375 0.020958333333333336
0 0.986328125 0.32747916666666665 0.012578125 0.0160625
0 0.745125 0.7382916666666667 0.013125000000000001 0.018541666666666668
0 0.753421875 0.69075 0.014109374999999999 0.021354166666666667
0 0.61621875 0.71875 0.019453124999999998 0.020562499999999997
0 0.2731875 0.5670625 0.04046875 0.05945833333333333
0 0.213375 0.5712916666666668 0.025421875 0.043854166666666666
0 0.260984375 0.6057916666666666 0.0115 0.014083333333333333
0 0.255609375 0.5126875 0.027265624999999998 0.04320833333333333
0 0.08209375 0.12825 0.012375 0.014875
0 0.306640625 0.5556666666666668 0.042578125 0.06514583333333333
0 0.986328125 0.47720833333333335 0.01196875 0.016125
0 0.836921875 0.38866666666666666 0.0675625 0.18652083333333333
0 0.25025 0.5771458333333332 0.01053125 0.012604166666666666
0 0.254890625 0.08295833333333333 0.0091875 0.016020833333333335
0 0.90234375 0.17333333333333334 0.014328125 0.020104166666666666
0 0.230953125 0.63575 0.034609375 0.07108333333333333
0 0.56103125 0.4544375 0.01234375 0.017770833333333333
0 0.9372343750000001 0.2985416666666667 0.046359375 0.10333333333333333