0 0.426765625 0.514 0.067203125 0.05716666666666667
0 0.34375 0.5803958333333333 0.07079687500000001 0.065625
0 0.660640625 0.5712916666666668 0.012765625 0.021354166666666667
0 0.2368125 0.7115833333333333 0.016015625 0.023625
0 0.1848125 0.7161458333333334 0.027796875 0.0331875
0 0.96875 0.5152916666666667 0.027109375 0.025208333333333333
0 0.2265625 0.8079375 0.02225 0.029249999999999998
0 0.3623125 0.19954166666666667 0.012140624999999999 0.016458333333333335
0 0.41626562500000003 0.90625 0.012828125000000001 0.017625000000000002
0 0.3205625 0.6448541666666666 0.015125 0.0175
0 0.7216875 0.8860625 0.01234375 0.017708333333333333
0 0.442875 0.7122499999999999 0.015296874999999998 0.018041666666666668
0 0.35009375 0.8300833333333333 0.01390625 0.017229166666666667
0 0.68653125 0.6367291666666667 0.013593749999999998 0.017104166666666667
0 0.40528125 0.6796875 0.014953125000000001 0.020166666666666666
0 0.713875 0.6204375 0.015484375 0.018666666666666668
0 0.190921875 0.8841249999999999 0.015187500000000001 0.022041666666666668
0 0.028765625 0.5439375 0.017859375 0.029249999999999998
0 0.5131875 0.6331458333333334 0.015296874999999998 0.016458333333333335
0 0.664546875 0.9440208333333333 0.0145625 0.023708333333333335
0 0.625 0.6953125 0.017249999999999998 0.018979166666666665
0 0.34740625 0.8619791666666666 0.014781250000000001 0.01825
0 0.508296875 0.6901041666666666 0.01628125 0.017104166666666667
0 0.023703125 0.887375 0.020796875 0.026145833333333333
0 0.75925 0.5058125 0.448171875 0.17758333333333332