0 0.460453125 0.3606875 0.018125 0.020729166666666667
0 0.531734375 0.37956249999999997 0.021406249999999998 0.021208333333333333
0 0.116328125 0.5208333333333334 0.01871875 0.02002083333333333
0 0.301515625 0.4544375 0.024421875000000003 0.025020833333333332
0 0.50390625 0.3502708333333333 0.023078124999999998 0.021208333333333333
0 0.45728125000000003 0.2939375 0.013953125 0.019874999999999997
0 0.370125 0.27570833333333333 0.014171875 0.01964583333333333
0 0.512203125 0.6367291666666667 0.037265625000000004 0.04183333333333333
0 0.3779375 0.4501875 0.0116875 0.014270833333333333
0 0.4399375 0.5550208333333334 0.01771875 0.016833333333333332
0 0.537109375 0.42904166666666665 0.013734374999999998 0.018125
0 0.345953125 0.5110625 0.017374999999999998 0.022041666666666668
0 0.36059375 0.26285416666666667 0.013171875 0.018604166666666665
0 0.298828125 0.8183541666666667 0.014624999999999999 0.02802083333333333
0 0.2683125 0.4332708333333333 0.015296874999999998 0.02025
0 0.599125 0.48112499999999997 0.023328124999999998 0.02402083333333333
0 0.598140625 0.5081458333333333 0.013218750000000001 0.0123125
0 0.515625 0.42904166666666665 0.015609375 0.01941666666666667
0 0.575203125 0.5966875 0.04525 0.0564375
0 0.524421875 0.45410416666666664 0.011296875000000001 0.011895833333333333
0 0.318109375 0.5709583333333333 0.02865625 0.042083333333333334
0 0.42943749999999997 0.21485416666666665 0.0145625 0.014750000000000001
0 0.318609375 0.6591875 0.069515625 0.06625
0 0.43481249999999994 0.5979791666666666 0.011203125 0.0161875
0 0.166375 0.6246666666666666 0.021406249999999998 0.022125
0 0.542484375 0.51075 0.025953125 0.02733333333333333
0 0.61328125 0.5784583333333334 0.028937499999999998 0.043854166666666666
0 0.3825625 0.3629583333333333 0.010453125 0.012604166666666666
0 0.57178125 0.5162708333333333 0.014000000000000002 0.015458333333333333
0 0.438484375 0.3551458333333333 0.009453125 0.012750000000000001
0 0.348875 0.5787708333333333 0.028937499999999998 0.03983333333333334
0 0.317390625 0.6152291666666667 0.014234374999999999 0.015770833333333335
0 0.409671875 0.4488958333333333 0.0083125 0.018041666666666668
0 0.9799843750000001 0.3408125 0.01571875 0.017354166666666667
0 0.974609375 0.28239583333333335 0.014453125 0.016770833333333336
0 0.761234375 0.2631875 0.0116875 0.014083333333333333
0 0.868171875 0.31706249999999997 0.013328125 0.014041666666666668
0 0.009484375 0.38247916666666665 0.012578125 0.013833333333333333
0 0.6743125 0.22460416666666666 0.013843749999999998 0.02272916666666667
0 0.845703125 0.03141666666666667 0.012421875 0.0131875