0 0.45082812499999997 0.5489583333333333 0.043796875 0.08347916666666667
0 0.400984375 0.4794583333333333 0.017796875 0.014916666666666667
0 0.35920312499999996 0.5007708333333334 0.013484375000000002 0.024187499999999997
0 0.609953125 0.5367916666666667 0.0171875 0.043375000000000004
0 0.64578125 0.6410208333333334 0.03853125 0.08291666666666667
0 0.478140625 0.6166041666666667 0.06421875 0.059541666666666666
0 0.2955625 0.5969374999999999 0.025343749999999998 0.043354166666666666
0 0.321078125 0.5615416666666667 0.017359375 0.023479166666666666
0 0.38615625 0.6530625000000001 0.01909375 0.0421875
0 0.51415625 0.43164583333333334 0.012234375 0.018458333333333334
0 0.49731249999999994 0.40070833333333333 0.011328125 0.016958333333333336
0 0.42357812499999997 0.6953125 0.016843749999999998 0.018979166666666665
0 0.45459375 0.376625 0.011828125 0.014750000000000001
0 0.532234375 0.7903749999999999 0.015671875 0.018458333333333334
0 0.588875 0.6914166666666667 0.02409375 0.030229166666666665
0 0.581546875 0.6354166666666666 0.01678125 0.018666666666666668
0 0.50928125 0.21208333333333332 0.013843749999999998 0.0195625
0 0.5835 0.796875 0.011828125 0.015458333333333333
0 0.754390625 0.7669374999999999 0.0130625 0.017979166666666668
0 0.41040625000000003 0.6106874999999999 0.04321875 0.050812500000000003
0 0.567875 0.9440208333333333 0.0121875 0.017770833333333333
0 0.8872031249999999 0.08308333333333334 0.014234374999999999 0.017979166666666668
0 0.327390625 0.6018958333333334 0.025718750000000002 0.034666666666666665
0 0.51025 0.27391666666666664 0.01159375 0.0163125
0 0.8032187499999999 0.7298125 0.010781250000000001 0.014875
0 0.7915 0.19824999999999998 0.018046875 0.02335416666666667
0 0.7836875 0.828125 0.018484375 0.026479166666666668
0 0.29834375 0.62825 0.03384375 0.038125
0 0.42309374999999994 0.93425 0.009640625 0.014208333333333333
0 0.45190625000000006 0.8684999999999999 0.12103124999999999 0.24837499999999998
0 0.37890625 0.10464583333333333 0.01578125 0.019270833333333334
0 0.49634375000000003 0.22997916666666668 0.0270625 0.03325
0 0.301265625 0.16927083333333334 0.01353125 0.0183125
0 0.238765625 0.23779166666666668 0.01653125 0.01933333333333333
0 0.44751562500000003 0.4261041666666667 0.009375 0.0131875
0 0.42212500000000003 0.8880208333333334 0.018578125 0.025895833333333333
0 0.566890625 0.028166666666666666 0.014671875000000001 0.019104166666666665
0 0.42040625 0.17252083333333335 0.014000000000000002 0.019791666666666666
0 0.44434375 0.39258333333333334 0.03634375 0.03791666666666667
0 0.35546875 0.699875 0.017578125 0.030104166666666664
0 0.54053125 0.20620833333333335 0.015015625 0.022125
0 0.314703125 0.2155 0.019984375 0.0240625
0 0.43579687500000003 0.8326875 0.04146875 0.06552083333333333
0 0.9643593750000001 0.3408125 0.021406249999999998 0.019791666666666666
0 0.9140625 0.38314583333333335 0.169671875 0.17495833333333335
0 0.17553125 0.2905208333333333 0.01834375 0.021270833333333336
0 0.188234375 0.19514583333333332 0.013593749999999998 0.01933333333333333
0 0.42407812500000003 0.5397083333333333 0.021812500000000002 0.030645833333333334
0 0.8325156249999999 0.23991666666666667 0.03615625 0.058604166666666666
0 0.60303125 0.8834583333333333 0.1223125 0.20377083333333335
0 0.464359375 0.2773541666666667 0.01353125 0.018041666666666668