0 0.341796875 0.4127708333333333 0.0140625 0.018125
0 0.37621875 0.3515625 0.014000000000000002 0.021270833333333336
0 0.184328125 0.12272916666666665 0.01571875 0.0175
0 0.35278125 0.7701875 0.016468749999999997 0.02033333333333333
0 0.28003125 0.3133125 0.018515625 0.025249999999999998
0 0.532234375 0.7330833333333333 0.0205625 0.0253125
0 0.358640625 0.8365833333333333 0.021484375 0.019874999999999997
0 0.366453125 0.2680625 0.029921874999999997 0.027416666666666666
0 0.268796875 0.831375 0.019640625000000002 0.030708333333333334
0 0.383546875 0.7545625 0.015671875 0.018604166666666665
0 0.79834375 0.8020833333333334 0.023140625 0.03747916666666666
0 0.214484375 0.40722916666666664 0.015609375 0.027895833333333335
0 0.616703125 0.5 0.06409375 0.06160416666666667
0 0.259765625 0.352875 0.017296875 0.019708333333333335
0 0.4086875 0.7493541666666667 0.01653125 0.021625000000000002
0 0.16771875 0.3149375 0.018984375 0.01941666666666667
0 0.338140625 0.6354166666666666 0.01428125 0.017833333333333333
0 0.528328125 0.2698541666666667 0.01578125 0.019791666666666666
0 0.22925 0.620125 0.017296875 0.017895833333333333
0 0.369625 0.3090833333333334 0.021203125 0.028270833333333335
0 0.317625 0.29572916666666665 0.027265624999999998 0.035083333333333334
0 0.314703125 0.7506458333333333 0.014234374999999999 0.02025
0 0.54590625 0.035604166666666666 0.013593749999999998 0.022208333333333333