0 0.492671875 0.3398541666666667 0.019796875 0.0208125
0 0.44896874999999997 0.3299166666666667 0.02025 0.03395833333333333
0 0.493171875 0.5563125 0.057921875 0.05054166666666667
0 0.41723437499999994 0.38477083333333334 0.017781250000000002 0.029312500000000002
0 0.614265625 0.514 0.031859375 0.041229166666666664
0 0.5810625 0.3123333333333333 0.025718750000000002 0.03275
0 0.604984375 0.6045 0.01590625 0.014479166666666666
0 0.37084375 0.17366666666666666 0.0241875 0.019874999999999997
0 0.45190625000000006 0.4700625 0.04296875 0.031875
0 0.396734375 0.306 0.01809375 0.022375
0 0.44165625000000003 0.2986666666666667 0.012531249999999999 0.0160625
0 0.3986875 0.17952083333333332 0.01615625 0.019187500000000003
0 0.4663125 0.5322291666666666 0.0305 0.0325625
0 0.5443125 0.7619791666666667 0.0375 0.05352083333333334
0 0.5485781249999999 0.656875 0.16534374999999998 0.188
0 0.49048437500000003 0.44554166666666667 0.13153125000000002 0.12897916666666667