0 0.54921875 0.15616666666666665 0.0828125 0.11025
0 0.66940625 0.25114583333333335 0.034109375 0.08143750000000001
0 0.568359375 0.25814583333333335 0.089484375 0.08114583333333333
0 0.274171875 0.052458333333333336 0.135859375 0.10099999999999999
0 0.767578125 0.2163125 0.017046875 0.02002083333333333
0 0.680171875 0.08191666666666667 0.021156249999999998 0.021125
0 0.651859375 0.14477083333333332 0.01909375 0.019791666666666666
0 0.23546874999999998 0.2864583333333333 0.0704375 0.049770833333333334
0 0.3044375 0.42252083333333335 0.01840625 0.021458333333333336
0 0.9379843749999999 0.5042291666666666 0.034875 0.041666666666666664
0 0.45215625 0.5875625 0.045953125 0.041666666666666664
0 0.27196875 0.60775 0.12915625 0.19775
0 0.05234375 0.5100833333333333 0.016468749999999997 0.019270833333333334
0 0.8335000000000001 0.04083333333333334 0.031671875 0.03129166666666667
0 0.315671875 0.3955 0.015546874999999998 0.02335416666666667
0 0.1691875 0.3541666666666667 0.08465625 0.07185416666666668
0 0.31884375 0.28629166666666667 0.0304375 0.04152083333333333
0 0.8940468750000001 0.4401041666666667 0.017249999999999998 0.018895833333333334
0 0.732421875 0.27131249999999996 0.082390625 0.07752083333333333
0 0.0936875 0.5345 0.034937499999999996 0.021875
0 0.732421875 0.18375 0.029078125 0.017895833333333333
0 0.80078125 0.19402083333333334 0.03746875 0.03429166666666667
0 0.8471718750000001 0.39258333333333334 0.021578125 0.0238125
0 0.05500000000000001 0.23274999999999998 0.01209375 0.014750000000000001
0 0.07684375 0.40527083333333336 0.03240625 0.03429166666666667
0 0.03746875 0.5947291666666668 0.013843749999999998 0.0135625