0 0.79834375 0.515625 0.037046875 0.06266666666666666
0 0.793953125 0.4283958333333333 0.034187499999999996 0.037562500000000006
0 0.694828125 0.3776041666666667 0.01328125 0.0163125
0 0.786140625 0.6510416666666666 0.013734374999999998 0.017708333333333333
0 0.8022500000000001 0.18033333333333335 0.0140625 0.015895833333333335
0 0.8310625 0.2986666666666667 0.015546874999999998 0.020729166666666667
0 0.702640625 0.6725208333333333 0.028375 0.03877083333333333
0 0.650875 0.4114583333333333 0.016718749999999998 0.021625000000000002
0 0.583015625 0.4469375 0.017984375 0.02352083333333333
0 0.76415625 0.27018749999999997 0.011375 0.0253125
0 0.40478125 0.43847916666666664 0.023375 0.021958333333333333
0 0.81153125 0.6243541666666667 0.011921875 0.02033333333333333
0 0.337640625 0.6643958333333334 0.009296875 0.012791666666666666
0 0.338625 0.4935 0.019265625 0.022458333333333334
0 0.939453125 0.07910416666666667 0.013125000000000001 0.013083333333333334
0 0.297859375 0.5345 0.01209375 0.014083333333333333
0 0.286625 0.9121041666666667 0.011546875 0.0160625
0 0.4795 0.35612499999999997 0.019375 0.016770833333333336
0 0.658203125 0.8600208333333333 0.011546875 0.018187500000000002
0 0.24523437499999998 0.7701875 0.008749999999999999 0.014270833333333333
0 0.65234375 0.7701875 0.01490625 0.0240625
0 0.53271875 0.30012500000000003 0.010203125 0.013083333333333334
0 0.356453125 0.8372499999999999 0.01159375 0.015229166666666665
0 0.45165625 0.5660833333333334 0.04296875 0.051395833333333335
0 0.73340625 0.5651041666666666 0.010562499999999999 0.012750000000000001
0 0.653328125 0.19547916666666668 0.012140624999999999 0.022208333333333333
0 0.41431250000000003 0.7988333333333333 0.043453124999999995 0.04089583333333333
0 0.720703125 0.20735416666666667 0.010015625 0.0149375
0 0.400390625 0.5983125 0.02828125 0.03389583333333333
0 0.597921875 0.8925833333333333 0.060421875 0.11779166666666667
0 0.849609375 0.8528749999999999 0.140875 0.26285416666666667