0 0.559078125 0.47460416666666666 0.023765625000000002 0.03141666666666667
0 0.388671875 0.6396458333333332 0.059421875 0.11329166666666667
0 0.57275 0.47591666666666665 0.041140625 0.04495833333333333
0 0.41235937500000003 0.623375 0.011203125 0.014270833333333333
0 0.63671875 0.5683541666666667 0.0136875 0.016958333333333336
0 0.32153125 0.625 0.011296875000000001 0.020729166666666667
0 0.634765625 0.45866666666666667 0.049859375 0.09822916666666666
0 0.57715625 0.6194583333333333 0.013375000000000001 0.018604166666666665
0 0.6015625 0.5465416666666666 0.021156249999999998 0.032625
0 0.628421875 0.5205 0.012234375 0.014541666666666668
0 0.587890625 0.3863958333333333 0.019296874999999998 0.025208333333333333
0 0.346921875 0.6136041666666666 0.01971875 0.0248125
0 0.6045 0.6416041666666668 0.012921875 0.02025
0 0.625484375 0.35839583333333336 0.015359375 0.0175
0 0.656734375 0.34472916666666664 0.013843749999999998 0.017895833333333333
0 0.559578125 0.5306041666666667 0.011875 0.012354166666666666
0 0.371828125 0.7317708333333334 0.017374999999999998 0.016395833333333335
0 0.5600625 0.42935416666666665 0.016843749999999998 0.021270833333333336
0 0.369140625 0.6647083333333333 0.023515625000000002 0.037125
0 0.42725 0.5898541666666667 0.011546875 0.01875
0 0.62434375 0.3322291666666667 0.01171875 0.024874999999999998
0 0.6381875 0.38997916666666665 0.01578125 0.026083333333333333
0 0.55078125 0.390625 0.0095625 0.013041666666666667