0 0.422859375 0.2631875 0.020796875 0.0284375
0 0.317140625 0.5579375 0.044671875 0.05664583333333333
0 0.3933125 0.28581249999999997 0.01628125 0.021270833333333336
0 0.353265625 0.44595833333333335 0.019375 0.0289375
0 0.313234375 0.6614583333333334 0.01834375 0.023875
0 0.440921875 0.36491666666666667 0.015484375 0.023875
0 0.45165625 0.23258333333333334 0.028437499999999998 0.04020833333333333
0 0.301265625 0.6116458333333333 0.024140625 0.031875
0 0.136234375 0.2765208333333333 0.01490625 0.021791666666666668
0 0.278078125 0.5791041666666668 0.017109375 0.022916666666666665
0 0.024421875000000003 0.5110625 0.026859375 0.022291666666666664
0 0.49853125 0.46029166666666665 0.012421875 0.015062500000000001
0 0.593265625 0.8522083333333333 0.023953125 0.030395833333333334
0 0.493171875 0.20539583333333333 0.027171875 0.039749999999999994
0 0.771 0.34831249999999997 0.018515625 0.022291666666666664
0 0.9907187499999999 0.13835416666666667 0.017296875 0.025645833333333333
0 0.49829687500000003 0.3385416666666667 0.0195 0.022375
0 0.53759375 0.39289583333333333 0.010734375 0.014812500000000001
0 0.655765625 0.6481041666666666 0.016718749999999998 0.01941666666666667
0 0.547859375 0.44206249999999997 0.012718750000000001 0.015520833333333334
0 0.667 0.5068333333333334 0.0121875 0.016958333333333336
0 0.729 0.404625 0.013421875 0.017562499999999998
0 0.41771874999999997 0.90625 0.017296875 0.025895833333333333
0 0.53028125 0.5403749999999999 0.0189375 0.0183125
0 0.623046875 0.6272708333333333 0.021703125 0.0464375
0 0.521 0.8014375 0.014499999999999999 0.015708333333333335
0 0.60546875 0.6523541666666667 0.015609375 0.0175
0 0.645015625 0.6848958333333334 0.016468749999999997 0.029375
0 0.45678124999999997 0.41308333333333336 0.016984375 0.015895833333333335
0 0.6953125 0.5719375 0.025718750000000002 0.03164583333333333
0 0.733890625 0.11637499999999999 0.016718749999999998 0.029479166666666667
0 0.153078125 0.35122916666666665 0.025046875000000003 0.028645833333333332
0 0.185796875 0.12914583333333335 0.017906250000000002 0.022125
0 0.354734375 0.6809999999999999 0.021625 0.03135416666666667
0 0.50684375 0.11945833333333335 0.016718749999999998 0.024458333333333335
0 0.39696875 0.3201458333333333 0.0130625 0.017291666666666667
0 0.20703125 0.6211041666666667 0.018265625 0.017020833333333332
0 0.715328125 0.5045625 0.01628125 0.0208125
0 0.10968750000000001 0.84375 0.023109374999999998 0.0230625
0 0.6045 0.7513124999999999 0.01103125 0.016125
0 0.51025 0.9056041666666667 0.015671875 0.023875
0 0.6586875 0.5527291666666667 0.01815625 0.04572916666666667
0 0.612796875 0.7832083333333333 0.012578125 0.01825
0 0.562984375 0.46029166666666665 0.0108125 0.014750000000000001
0 0.022328124999999997 0.9388124999999999 0.01590625 0.0245
0 0.185796875 0.887375 0.01590625 0.0230625
0 0.5600625 0.09170833333333334 0.021859375 0.021958333333333333
0 0.405765625 0.5065208333333333 0.017906250000000002 0.02335416666666667
0 0.329109375 0.49543750000000003 0.036015625 0.035270833333333335
0 0.16309374999999998 0.8951875 0.0195625 0.025104166666666667
0 0.637203125 0.9016875 0.012921875 0.022375