0 0.512703125 0.6972708333333333 0.0263125 0.066
0 0.650390625 0.8821666666666667 0.021406249999999998 0.024854166666666667
0 0.263921875 0.18083333333333332 0.01615625 0.016708333333333332
0 0.10796874999999999 0.30370833333333336 0.018546874999999997 0.01904166666666667
0 0.500484375 0.37564583333333335 0.010734375 0.014812500000000001
0 0.5336875 0.3081041666666666 0.013125000000000001 0.015583333333333334
0 0.6875 0.8567708333333334 0.030156250000000002 0.034083333333333334
0 0.47387499999999994 0.40397916666666667 0.01125 0.021041666666666667
0 0.611328125 0.6598333333333334 0.008921875 0.012458333333333333
0 0.072875 0.34310416666666665 0.020171875 0.03129166666666667
0 0.52734375 0.34831249999999997 0.013218750000000001 0.018895833333333334
0 0.10192187500000001 0.34375 0.013125000000000001 0.0243125
0 0.517578125 0.3811875 0.01040625 0.013833333333333333
0 0.49193749999999997 0.4127708333333333 0.00978125 0.012895833333333334
0 0.552734375 0.45116666666666666 0.010171875 0.014375
0 0.536140625 0.29004166666666664 0.012484375 0.015770833333333335
0 0.52978125 0.8776041666666666 0.04184375 0.043375000000000004
0 0.094359375 0.3155833333333333 0.01234375 0.014750000000000001
0 0.52734375 0.824875 0.019609375000000002 0.025062499999999998
0 0.50146875 0.276375 0.012046875 0.015166666666666667
0 0.58203125 0.48991666666666667 0.01196875 0.012125
0 0.483890625 0.3515625 0.010609375 0.022041666666666668
0 0.48071875000000003 0.28710416666666666 0.0130625 0.016958333333333336
0 0.566890625 0.7610625 0.009343750000000001 0.012458333333333333
0 0.546875 0.6256458333333333 0.008421874999999999 0.011083333333333334
0 0.57959375 0.5898541666666667 0.011828125 0.014270833333333333
0 0.59375 0.6048125 0.0136875 0.013666666666666666
0 0.607421875 0.8320416666666667 0.01103125 0.013000000000000001
0 0.54540625 0.7949166666666667 0.01178125 0.015166666666666667
0 0.56396875 0.27539583333333334 0.008843750000000001 0.011708333333333333
0 0.544921875 0.831375 0.015421874999999998 0.019791666666666666
0 0.51953125 0.9798125 0.0100625 0.0195625
0 0.550296875 0.43522916666666667 0.012875000000000001 0.012958333333333332
0 0.614265625 0.7050833333333333 0.013953125 0.015645833333333335
0 0.53759375 0.11800000000000001 0.068546875 0.06335416666666667
0 0.554203125 0.6376875 0.010374999999999999 0.013145833333333332
0 0.13184374999999998 0.5784583333333334 0.0110625 0.0131875
0 0.641609375 0.7011666666666667 0.015546874999999998 0.016770833333333336
0 0.52246875 0.4176458333333333 0.007484375 0.0095625
0 0.047796875 0.51075 0.026968750000000003 0.04820833333333333
0 0.39453125 0.7884166666666667 0.012718750000000001 0.0165
0 0.7055625 0.40560416666666665 0.0090625 0.013875
0 0.3461875 0.5947291666666668 0.06634375 0.04829166666666666
0 0.552734375 0.532875 0.07575 0.036145833333333335
0 0.650875 0.75325 0.010953125 0.013875