0 0.32715625 0.5022708333333333 0.015953125000000002 0.015395833333333333
0 0.34278125 0.5960208333333333 0.01615625 0.016770833333333336
0 0.140375 0.6604791666666666 0.018375 0.0253125
0 0.23021875 0.597 0.015359375 0.020395833333333332
0 0.2841875 0.44497916666666665 0.01584375 0.0195
0 0.5649375 0.7141875 0.032234374999999996 0.028645833333333332
0 0.177484375 0.6617916666666667 0.027218750000000003 0.029375
0 0.45165625 0.27475 0.013796875 0.024916666666666667
0 0.43579687500000003 0.28808333333333336 0.012296875 0.017833333333333333
0 0.253171875 0.5963541666666666 0.02190625 0.02420833333333333
0 0.650390625 0.26839583333333333 0.015296874999999998 0.020479166666666666
0 0.367671875 0.5257083333333333 0.0130625 0.015770833333333335
0 0.63428125 0.24870833333333334 0.012421875 0.0195
0 0.6123125 0.7897083333333333 0.016718749999999998 0.0319375
0 0.120234375 0.6627708333333333 0.01653125 0.025104166666666667
0 0.453609375 0.29785416666666664 0.01103125 0.015770833333333335
0 0.164921875 0.5416666666666666 0.01490625 0.0225625
0 0.44896874999999997 0.46225 0.01146875 0.015645833333333335
0 0.314453125 0.5947291666666668 0.01209375 0.014270833333333333
0 0.37403125 0.42025 0.021015625 0.021625000000000002
0 0.8803750000000001 0.32845833333333335 0.029703125000000004 0.02802083333333333
0 0.8999062500000001 0.3203125 0.050046875000000005 0.04014583333333333
0 0.74903125 0.1595 0.02475 0.024458333333333335
0 0.47803125 0.7643333333333333 0.01634375 0.017895833333333333
0 0.84765625 0.2504791666666667 0.015296874999999998 0.0175
0 0.142703125 0.5104166666666666 0.014953125000000001 0.018666666666666668
0 0.61328125 0.25504166666666667 0.012375 0.015000000000000001
0 0.67040625 0.31185416666666665 0.021484375 0.027416666666666666
0 0.787109375 0.46647916666666667 0.012968750000000001 0.014270833333333333
0 0.45532812500000003 0.6608125 0.01484375 0.015291666666666667
0 0.516609375 0.7526041666666666 0.01178125 0.014208333333333333
0 0.70215625 0.7454375 0.014499999999999999 0.0188125
0 0.625 0.6144791666666667 0.145828125 0.08241666666666667