0 0.32604687499999996 0.18535416666666665 0.1 0.1408333333333333
0 0.31510937499999997 0.37245833333333334 0.046875 0.18868749999999998
0 0.30846874999999996 0.5242291666666666 0.020578125 0.06860416666666666
0 0.10053125 0.7109375 0.078484375 0.0769375
0 0.079890625 0.722 0.047703125 0.042562499999999996
0 0.19128125 0.87825 0.049953125 0.06860416666666666
0 0.4795 0.6132916666666667 0.02753125 0.03885416666666666
0 0.057703125 0.5195416666666667 0.0456875 0.08325
0 0.27759375 0.6015625 0.014671875000000001 0.019270833333333334
0 0.474125 0.05327083333333334 0.072625 0.08585416666666666
0 0.675296875 0.10539583333333334 0.014734375 0.014083333333333333
0 0.696296875 0.39289583333333333 0.0145625 0.018041666666666668
0 0.27759375 0.7454375 0.018828125 0.036229166666666666
0 0.229734375 0.5302708333333334 0.025046875000000003 0.0238125
0 0.440921875 0.671875 0.015953125000000002 0.023
0 0.22021875 0.43847916666666664 0.016718749999999998 0.0323125
0 0.60059375 0.671875 0.012828125000000001 0.017562499999999998
0 0.490234375 0.16333333333333336 0.042015625 0.034395833333333334
0 0.29271875 0.6347708333333333 0.019234375 0.028645833333333332
0 0.043453124999999995 0.5478541666666668 0.0288125 0.029729166666666664
0 0.69384375 0.9772083333333333 0.011875 0.01825
0 0.641109375 0.6533125 0.011734375 0.0165
0 0.481453125 0.2039375 0.172734375 0.10245833333333333
0 0.399171875 0.7207083333333333 0.019640625000000002 0.031875
0 0.640625 0.16683333333333333 0.05440625 0.051187500000000004
0 0.8018281249999999 0.9454999999999999 0.046359375 0.0535
0 0.695828125 0.9436041666666667 0.027078124999999998 0.03233333333333333
0 0.8942656250000001 0.9564374999999999 0.038546875 0.0233125
0 0.688484375 0.9459583333333333 0.01590625 0.020166666666666666
0 0.9360312499999999 0.90625 0.016718749999999998 0.020895833333333332
0 0.284421875 0.32243750000000004 0.015359375 0.021354166666666667
0 0.8344687499999999 0.6211041666666667 0.007875 0.010187499999999999
0 0.80371875 0.5826875 0.011828125 0.013041666666666667
0 0.45629687499999994 0.8463541666666666 0.02446875 0.03147916666666666
0 0.065 0.49902083333333336 0.01428125 0.021270833333333336
0 0.40481249999999996 0.7550833333333333 0.015359375 0.02335416666666667
0 0.7360625 0.9535 0.042453125 0.034770833333333334
0 0.458984375 0.6386666666666667 0.012046875 0.016770833333333336
0 0.223390625 0.7799583333333333 0.013125000000000001 0.023979166666666666
0 0.3776875 0.4182916666666667 0.014453125 0.01583333333333333
0 0.17676562499999998 0.1850625 0.01634375 0.017229166666666667
0 0.354 0.828125 0.015671875 0.022041666666666668
0 0.392328125 0.578125 0.013734374999999998 0.017708333333333333
0 0.259765625 0.6979166666666666 0.0136875 0.01941666666666667
0 0.581546875 0.35058333333333336 0.0171875 0.02402083333333333
0 0.41967187499999997 0.17579166666666665 0.015421874999999998 0.015645833333333335