0 0.7685625 0.06527083333333333 0.01428125 0.01583333333333333
0 0.8466875 0.4075625 0.01234375 0.0188125
0 0.5835 0.47591666666666665 0.053593749999999996 0.06685416666666667
0 0.64209375 0.5306041666666667 0.027484375 0.050041666666666665
0 0.758296875 0.3815208333333333 0.012234375 0.021270833333333336
0 0.856453125 0.4921875 0.041375 0.047125
0 0.49193749999999997 0.34310416666666665 0.028968749999999998 0.04529166666666666
0 0.583984375 0.41602083333333334 0.015187500000000001 0.020395833333333332
0 0.544921875 0.3541666666666667 0.00871875 0.013500000000000002
0 0.5131875 0.3217708333333333 0.01065625 0.017708333333333333
0 0.8422812499999999 0.4375 0.012875000000000001 0.019187500000000003
0 0.8227499999999999 0.39975 0.01009375 0.0208125
0 0.472171875 0.29474999999999996 0.012671874999999999 0.025895833333333333
0 0.80078125 0.46029166666666665 0.01040625 0.012020833333333333
0 0.781734375 0.44304166666666667 0.011875 0.0165
0 0.525390625 0.33691666666666664 0.00978125 0.012687499999999999
0 0.38134375 0.6621041666666667 0.018796874999999998 0.03870833333333333
0 0.538578125 0.4505208333333333 0.017906250000000002 0.025249999999999998
0 0.80371875 0.33691666666666664 0.010734375 0.015895833333333335
0 0.531734375 0.41862499999999997 0.012625 0.02272916666666667
0 0.765625 0.4436875 0.011375 0.015062500000000001
0 0.734859375 0.32585416666666667 0.010453125 0.013250000000000001