0 0.3275625 0.22854166666666667 0.01875 0.035875
0 0.31665625 0.3233958333333333 0.0206875 0.027270833333333334
0 0.22765624999999998 0.46875 0.032109375 0.020562499999999997
0 0.341796875 0.20964583333333334 0.01640625 0.0165
0 0.147703125 0.6816458333333333 0.019015625 0.03045833333333333
0 0.296390625 0.015770833333333335 0.022796875 0.0228125
0 0.06915625 0.5530625 0.04178125 0.04883333333333333
0 0.336671875 0.015708333333333335 0.0298125 0.03116666666666667
0 0.26415625 0.40722916666666664 0.011328125 0.02033333333333333
0 0.1796875 0.703125 0.013953125 0.028479166666666667
0 0.14575 0.824875 0.015359375 0.02645833333333333
0 0.352546875 0.06160416666666667 0.014234374999999999 0.020166666666666666