0 0.32175 0.4018333333333333 0.031515625000000005 0.035604166666666666
0 0.43332812499999995 0.4032291666666667 0.04375 0.03839583333333333
0 0.341546875 0.40299999999999997 0.07684375 0.024770833333333336
0 0.9506875000000001 0.5286458333333334 0.01103125 0.0160625
0 0.9418906249999999 0.5579375 0.0095625 0.016020833333333335
0 0.70946875 0.6679791666666667 0.014328125 0.020729166666666667
0 0.49878125000000006 0.8756458333333333 0.01103125 0.013666666666666666
0 0.21570312500000002 0.22297916666666667 0.016984375 0.02025
0 0.43189062500000003 0.8125 0.01328125 0.015062500000000001
0 0.0754375 0.22183333333333335 0.014671875000000001 0.018125
0 0.42162499999999997 0.856125 0.013421875 0.015708333333333335
0 0.572265625 0.7148541666666667 0.01590625 0.019104166666666665
0 0.266359375 0.1985625 0.017906250000000002 0.02002083333333333
0 0.180296875 0.2594375 0.0174375 0.018041666666666668
0 0.555171875 0.6946666666666667 0.014734375 0.019187500000000003
0 0.8359375 0.7369791666666666 0.012625 0.015708333333333335
0 0.039953125 0.45247916666666665 0.07184375 0.088625
0 0.412109375 0.8346458333333333 0.010859375000000001 0.013666666666666666
0 0.11046875 0.5081458333333333 0.015187500000000001 0.0195
0 0.37915625 0.5387291666666666 0.125125 0.12670833333333334
0 0.781734375 0.44304166666666667 0.08196875 0.0770625
0 0.49974999999999997 0.6520208333333334 0.0108125 0.017104166666666667
0 0.585453125 0.22347916666666665 0.019375 0.024645833333333332
0 0.5654375 0.431 0.07421875 0.07320833333333333
0 0.611328125 0.6770833333333334 0.026453125 0.0389375
0 0.354 0.20525 0.03353125 0.028479166666666667
0 0.88184375 0.32779166666666665 0.037390625 0.08325
0 0.9897500000000001 0.5670625 0.01428125 0.021458333333333336
0 0.34496875 0.16089583333333335 0.015421874999999998 0.016708333333333332
0 0.57275 0.5950624999999999 0.10192187500000001 0.08414583333333334
0 0.336671875 0.9023541666666667 0.013218750000000001 0.015229166666666665
0 0.8442343749999999 0.7005208333333334 0.088984375 0.1190625
0 0.633796875 0.435875 0.0700625 0.05285416666666667