0 0.258984375 0.35652083333333334 0.036203125 0.059583333333333335
0 0.234375 0.19995833333333335 0.041671875000000004 0.03116666666666667
0 0.38915625 0.06660416666666666 0.04559375 0.03697916666666667
0 0.4711875 0.1400625 0.035546875 0.07197916666666666
0 0.48803124999999997 0.34049999999999997 0.035609375 0.029833333333333333
0 0.39721875 0.12443749999999999 0.03746875 0.032125
0 0.099671875 0.6005833333333332 0.047093750000000004 0.056854166666666664
0 0.207515625 0.48502083333333335 0.045109375 0.0894375
0 0.154171875 0.42383333333333334 0.034546875 0.06835416666666667
0 0.452640625 0.2998125 0.02865625 0.04097916666666667
0 0.42334375 0.47852083333333334 0.014734375 0.030291666666666665
0 0.312015625 0.08635416666666668 0.021234375 0.022125
0 0.378171875 0.36945833333333333 0.012140624999999999 0.0160625
0 0.403328125 0.3658958333333333 0.01640625 0.023166666666666665
0 0.9331093750000001 0.6888124999999999 0.029546875 0.043791666666666666
0 0.9243124999999999 0.3697916666666667 0.032468750000000005 0.035895833333333335
0 0.6015625 0.38575 0.01678125 0.022041666666666668
0 0.330078125 0.32487499999999997 0.019203124999999998 0.0225625
0 0.326171875 0.35741666666666666 0.01353125 0.020395833333333332
0 0.382328125 0.5931041666666667 0.014328125 0.021354166666666667
0 0.146234375 0.2827083333333333 0.021328125 0.025354166666666667
0 0.098578125 0.4348958333333333 0.0206875 0.035812500000000004
0 0.41137499999999994 0.404625 0.02665625 0.0335625
0 0.383796875 0.6803333333333333 0.034875 0.051104166666666666
0 0.200921875 0.22591666666666665 0.03615625 0.03377083333333333
0 0.01634375 0.453125 0.03234375 0.0595625
0 0.31615625 0.2421875 0.018578125 0.0225625
0 0.202640625 0.10985416666666666 0.023109374999999998 0.024125
0 0.47803125 0.4804791666666667 0.020296875 0.029770833333333333
0 0.5600625 0.543625 0.01196875 0.014875
0 0.568359375 0.35091666666666665 0.012375 0.015958333333333335
0 0.2995625 0.31364583333333335 0.027734375 0.13289583333333332
0 0.11615625 0.08797916666666666 0.023234374999999998 0.023166666666666665
0 0.027265624999999998 0.3048541666666667 0.033390625 0.033625
0 0.516609375 0.41081249999999997 0.0229375 0.050333333333333334