0 0.49243750000000003 0.3945416666666667 0.010328125 0.020895833333333332
0 0.411140625 0.33366666666666667 0.018875 0.018125
0 0.451171875 0.17579166666666665 0.0171875 0.02002083333333333
0 0.48046875 0.45247916666666665 0.02153125 0.03175
0 0.61084375 0.6152291666666667 0.017859375 0.0248125
0 0.575203125 0.42285416666666664 0.022078125 0.0234375
0 0.47021875 0.13908333333333334 0.025171875 0.025458333333333336
0 0.41431250000000003 0.4804791666666667 0.11181250000000001 0.10352083333333333
0 0.393796875 0.26839583333333333 0.014000000000000002 0.020104166666666666
0 0.44018750000000006 0.453125 0.020140625000000002 0.018604166666666665
0 0.260984375 0.32243750000000004 0.04271875 0.046875
0 0.644046875 0.10562500000000001 0.023375 0.0238125
0 0.3825625 0.3984375 0.0145625 0.015645833333333335
0 0.47509375 0.23991666666666667 0.0558125 0.047125
0 0.8657187499999999 0.22770833333333332 0.012921875 0.014083333333333333
0 0.359125 0.11425 0.045875 0.065875
0 0.589359375 0.4544375 0.012765625 0.02002083333333333
0 0.557625 0.30533333333333335 0.02175 0.024583333333333336
0 0.559578125 0.3658958333333333 0.03540625 0.03175
0 0.29565625 0.08829166666666667 0.028875 0.035145833333333334
0 0.39478125 0.48241666666666666 0.044437500000000005 0.035145833333333334
0 0.42065625000000006 0.0705625 0.050421875000000005 0.058270833333333334
0 0.39990625 0.7155 0.0130625 0.016020833333333335
0 0.208984375 0.514 0.015015625 0.017416666666666667
0 0.42065625000000006 0.8528749999999999 0.021359375 0.021270833333333336
0 0.46849999999999997 0.26366666666666666 0.050421875000000005 0.04479166666666667
0 0.542484375 0.57975 0.021984375 0.023979166666666666
0 0.532234375 0.6100208333333333 0.013125000000000001 0.025500000000000002