0 0.21875 0.18395833333333333 0.041671875000000004 0.04083333333333334
0 0.24700000000000003 0.177375 0.012234375 0.020708333333333332
0 0.184390625 0.18006250000000001 0.018187500000000002 0.015958333333333335
0 0.262125 0.11233333333333334 0.04528125 0.06270833333333334
0 0.201328125 0.11914583333333333 0.012828125000000001 0.016125
0 0.357796875 0.25795833333333335 0.02971875 0.017083333333333332
0 0.260671875 0.26943750000000005 0.029843750000000002 0.021875
0 0.2205625 0.2979791666666667 0.043703124999999995 0.042666666666666665
0 0.1421875 0.31745833333333334 0.082578125 0.08820833333333335
0 0.40149999999999997 0.3828333333333333 0.03540625 0.04727083333333334
0 0.408046875 0.45825 0.090625 0.06277083333333333
0 0.28914062500000004 0.44125000000000003 0.076875 0.058479166666666665
0 0.41078125 0.5774583333333333 0.036640624999999996 0.05025
0 0.353328125 0.6716041666666667 0.01584375 0.03222916666666667
0 0.380390625 0.7115625 0.024140625 0.026270833333333334
0 0.405265625 0.6931458333333332 0.016968749999999998 0.0274375
0 0.46029687499999994 0.5397291666666667 0.061406249999999996 0.15472916666666667
0 0.282640625 0.7878333333333334 0.079984375 0.08639583333333332
0 0.296390625 0.7210625 0.01584375 0.020562499999999997
0 0.366953125 0.7757916666666667 0.02328125 0.025979166666666668
0 0.1484375 0.7936041666666667 0.05421875 0.08804166666666666
0 0.053984374999999994 0.23291666666666666 0.03028125 0.026083333333333333
0 0.28028125 0.6448541666666666 0.029984375 0.03741666666666667
0 0.51075 0.2750625 0.130984375 0.17366666666666666
0 0.23021875 0.7109375 0.0305 0.03735416666666667
0 0.102296875 0.06847916666666666 0.01590625 0.017895833333333333
0 0.083734375 0.07568749999999999 0.0196875 0.020729166666666667
0 0.754890625 0.30093749999999997 0.01871875 0.026583333333333334
0 0.9838906250000001 0.40527083333333336 0.018515625 0.014812500000000001
0 0.18115625 0.6240208333333332 0.01653125 0.028645833333333332
0 0.985359375 0.37466666666666665 0.01615625 0.021791666666666668
0 0.58446875 0.024583333333333336 0.021234375 0.01933333333333333
0 0.13770312499999998 0.20897916666666666 0.02059375 0.020104166666666666
0 0.81640625 0.3408125 0.01584375 0.017104166666666667
0 0.5625 0.8548125 0.016468749999999997 0.018125
0 0.11950000000000001 0.16308333333333333 0.017296875 0.0161875
0 0.329828125 0.7096458333333333 0.01484375 0.0183125
0 0.588875 0.24885416666666668 0.012718750000000001 0.016958333333333336
0 0.60840625 0.06514583333333333 0.016921875 0.013666666666666666
0 0.63184375 0.6816458333333333 0.01234375 0.0163125
0 0.281 0.8743541666666667 0.013640625 0.0183125
0 0.9301718749999999 0.8229166666666666 0.021234375 0.0238125
0 0.8051718749999999 0.71875 0.114984375 0.13760416666666667
0 0.89746875 0.2705 0.017859375 0.01625
0 0.691890625 0.30370833333333336 0.012968750000000001 0.017166666666666667
0 0.16271875 0.04635416666666667 0.014953125000000001 0.018604166666666665
0 0.6586875 0.10189583333333332 0.013171875 0.013833333333333333
0 0.21582812499999998 0.512375 0.015671875 0.015166666666666667
0 0.6123125 0.7682291666666666 0.01146875 0.015000000000000001
0 0.015078125000000001 0.20620833333333335 0.016921875 0.0175
0 0.84278125 0.2680625 0.050046875000000005 0.06279166666666666
0 0.787109375 0.8528749999999999 0.013125000000000001 0.01825
0 0.21154687499999997 0.6220625 0.018765625 0.042083333333333334
0 0.8852499999999999 0.6985625 0.012875000000000001 0.015770833333333335
0 0.90625 0.6783958333333333 0.012625 0.014604166666666666
0 0.96484375 0.38964583333333336 0.013125000000000001 0.0139375
0 0.055609375 0.657875 0.013015625 0.015166666666666667
0 0.9404375 0.3346458333333333 0.015015625 0.013458333333333333
0 0.8298593750000001 0.4905625 0.15882812500000001 0.2689375
0 0.69328125 0.4859375 0.09325 0.2904791666666667
0 0.620125 0.39908333333333335 0.163203125 0.080125
0 0.058562499999999997 0.4091875 0.103765625 0.12760416666666666
0 0.43871874999999994 0.8795625 0.109125 0.22997916666666668