0 0.357671875 0.5136666666666667 0.033484375 0.04029166666666666
0 0.40404687499999997 0.384125 0.014781250000000001 0.025458333333333336
0 0.37525 0.6289166666666667 0.074890625 0.1048125
0 0.398921875 0.4609375 0.03628125 0.05314583333333334
0 0.15209375 0.6428958333333333 0.01909375 0.03339583333333333
0 0.013843749999999998 0.557625 0.024656249999999998 0.02735416666666667
0 0.344734375 0.7324166666666667 0.014671875000000001 0.021458333333333336
0 0.431640625 0.4156875 0.034359375 0.05708333333333333
0 0.49903125 0.578125 0.017109375 0.018541666666666668
0 0.8588906250000001 0.9440208333333333 0.042875 0.06160416666666667
0 0.319578125 0.49316666666666664 0.014000000000000002 0.014812500000000001
0 0.3151875 0.6640625 0.025046875000000003 0.035333333333333335
0 0.10320312499999999 0.38575 0.050046875000000005 0.06552083333333333
0 0.11554687500000001 0.7604166666666666 0.01653125 0.022916666666666665
0 0.059421875 0.7519583333333333 0.01665625 0.024166666666666666
0 0.729984375 0.918625 0.099796875 0.10635416666666667
0 0.057703125 0.6207708333333334 0.02084375 0.0199375
0 0.45434374999999994 0.022375 0.021984375 0.0228125
0 0.5961875 0.17675000000000002 0.012671874999999999 0.015708333333333335