0 0.379640625 0.3606875 0.0406875 0.066375
0 0.8247031249999999 0.0319375 0.021124999999999998 0.021541666666666667
0 0.487796875 0.5872499999999999 0.074765625 0.11425
0 0.8935625 0.71875 0.06634375 0.06733333333333333
0 0.47485937500000003 0.46158333333333335 0.010296875 0.014750000000000001
0 0.559578125 0.6953125 0.041140625 0.08175
0 0.42212500000000003 0.48275 0.017859375 0.033125
0 0.49439062500000003 0.5003333333333333 0.0229375 0.031104166666666665
0 0.42603125000000003 0.4964166666666667 0.018609375 0.026354166666666668
0 0.37109375 0.25033333333333335 0.012046875 0.01875
0 0.638671875 0.8711041666666667 0.029031249999999998 0.03870833333333333
0 0.40942187499999994 0.33725 0.01578125 0.030166666666666668
0 0.43042187500000006 0.5335208333333333 0.02271875 0.03858333333333333