0 0.52578125 0.4512916666666667 0.088015625 0.10329166666666666
0 0.487234375 0.34402083333333333 0.0421875 0.06235416666666667
0 0.42871875 0.6347708333333333 0.084171875 0.112625
0 0.51415625 0.5003333333333333 0.01525 0.0208125
0 0.43920312499999997 0.40397916666666667 0.020374999999999997 0.028541666666666667
0 0.65478125 0.8951875 0.08196875 0.1743125
0 0.58446875 0.6376875 0.09601562500000001 0.0878125
0 0.726078125 0.6673125 0.04715625 0.03747916666666666
0 0.58203125 0.6090416666666666 0.012015625 0.017979166666666668
0 0.586921875 0.32487499999999997 0.021156249999999998 0.0230625
0 0.546390625 0.8138124999999999 0.01328125 0.01933333333333333
0 0.479984375 0.4935 0.015015625 0.02002083333333333
0 0.34740625 0.6966249999999999 0.058562499999999997 0.08512499999999999
0 0.8608437500000001 0.6337916666666668 0.0989375 0.09139583333333333
0 0.56884375 0.8958333333333334 0.083125 0.13835416666666667
0 0.747078125 0.47754166666666664 0.03634375 0.05054166666666667
0 0.47485937500000003 0.5670625 0.09668750000000001 0.1104375
0 0.765625 0.7838541666666666 0.014390625 0.022291666666666664
0 0.381109375 0.6106874999999999 0.0675625 0.057708333333333334