0 0.485421875 0.039375 0.033328125 0.04679166666666667
0 0.571875 0.083625 0.039578125 0.06933333333333333
0 0.612234375 0.13570833333333335 0.052609375 0.062375
0 0.6446562499999999 0.19472916666666668 0.062765625 0.06931250000000001
0 0.578390625 0.21833333333333332 0.036984375 0.06097916666666667
0 0.6873750000000001 0.28691666666666665 0.028390625000000003 0.04883333333333333
0 0.70378125 0.3374375 0.024734375 0.028333333333333332
0 0.756515625 0.5446875 0.0234375 0.06089583333333334
0 0.24375 0.8272916666666668 0.044796875 0.056666666666666664
0 0.18684375 0.8611458333333334 0.02734375 0.030604166666666665
0 0.18840625 0.8127083333333334 0.020046875 0.0275
0 0.20703125 0.7951666666666667 0.018234375 0.023687499999999997
0 0.161984375 0.8264166666666667 0.016671875 0.030625
0 0.161984375 0.8781458333333333 0.016671875 0.029916666666666664
0 0.2875 0.9467083333333334 0.028125 0.04552083333333334
0 0.594234375 0.23079166666666667 0.049953125 0.09358333333333334
0 0.345953125 0.1673125 0.039421875 0.068
0 0.177 0.40625 0.02025 0.026395833333333334
0 0.7734375 0.3776041666666667 0.030671874999999998 0.027125
0 0.310796875 0.014645833333333334 0.03384375 0.027416666666666666
0 0.503421875 0.13166666666666668 0.017859375 0.017229166666666667
0 0.8325156249999999 0.36783333333333335 0.02109375 0.028541666666666667
0 0.790046875 0.4189375 0.029593750000000002 0.03225
0 0.37646875 0.19335416666666666 0.016015625 0.017708333333333333
0 0.69140625 0.4345625 0.038546875 0.06002083333333333
0 0.688484375 0.46939583333333335 0.068296875 0.18033333333333335
0 0.649421875 0.12712500000000002 0.021625 0.022375
0 0.255609375 0.36522916666666666 0.069515625 0.08175
0 0.344 0.23535416666666667 0.039640625 0.03389583333333333
0 0.8100625000000001 0.5882083333333333 0.021156249999999998 0.0228125
0 0.270015625 0.2998125 0.047875 0.0545625
0 0.3879375 0.22704166666666667 0.037328125000000004 0.029437500000000002
0 0.255125 0.598625 0.046015625 0.066125
0 0.44310937499999997 0.5257083333333333 0.009421875 0.015645833333333335
0 0.527828125 0.025895833333333333 0.0365 0.050895833333333335
0 0.4399375 0.21745833333333334 0.009421875 0.01025
0 0.6586875 0.16308333333333333 0.036984375 0.04627083333333334
0 0.310796875 0.5266875 0.025328125 0.05327083333333334
0 0.245609375 0.6608125 0.058234375000000005 0.08158333333333333
0 0.262703125 0.5315833333333333 0.045015625 0.06335416666666667
0 0.2836875 0.24154166666666665 0.032468750000000005 0.04127083333333333
0 0.242546875 0.7291666666666666 0.05450000000000001 0.09456250000000001
0 0.296140625 0.7337291666666667 0.029703125000000004 0.0465
0 0.802734375 0.5598958333333334 0.03125 0.0330625
0 0.780765625 0.5117291666666667 0.033078125 0.036083333333333335
0 0.40209374999999997 0.1985625 0.020453125 0.012645833333333334
0 0.250484375 0.4515 0.076421875 0.08358333333333333
0 0.691890625 0.14802083333333332 0.025374999999999998 0.037625
0 0.205328125 0.40039583333333334 0.019203124999999998 0.020895833333333332
0 0.301765625 0.05416666666666667 0.026203125 0.0328125
0 0.365484375 0.029104166666666667 0.048578125 0.058229166666666665
0 0.2370625 0.9309999999999999 0.050328125 0.07079166666666666
0 0.297859375 0.14681249999999998 0.028703125000000003 0.042562499999999996
0 0.557125 0.04666666666666666 0.02178125 0.03908333333333334
0 0.5234375 0.11800000000000001 0.041078125 0.04627083333333334
0 0.43115625 0.11068750000000001 0.01584375 0.017770833333333333
0 0.302 0.5742291666666667 0.021625 0.03858333333333333
0 0.19128125 0.43293750000000003 0.012718750000000001 0.02033333333333333
0 0.318359375 0.36752083333333335 0.018765625 0.0330625
0 0.2998125 0.10579166666666667 0.02828125 0.030041666666666668
0 0.207390625 0.6809999999999999 0.025468750000000002 0.034604166666666665
0 0.57275 0.68425 0.012765625 0.01825
0 0.7680625 0.432625 0.06915625 0.06127083333333334
0 0.626953125 0.2612291666666667 0.043609375 0.088125
0 0.50634375 0.07722916666666667 0.0350625 0.04504166666666667
0 0.56934375 0.16602083333333334 0.043609375 0.051187500000000004
0 0.302484375 0.6097083333333334 0.021203125 0.034874999999999996
0 0.724125 0.376625 0.042015625 0.05516666666666667
0 0.3205625 0.3203125 0.017249999999999998 0.027416666666666666
0 0.369390625 0.5358125 0.026968750000000003 0.029895833333333333
0 0.136359375 0.8522083333333333 0.029375000000000002 0.03720833333333333
0 0.318109375 0.43814583333333335 0.028937499999999998 0.06925
0 0.342046875 0.40689583333333335 0.02753125 0.035604166666666666
0 0.36059375 0.48210416666666667 0.027687499999999997 0.03539583333333333