0 0.5719375 0.52175 0.06029687500000001 0.06002083333333333
0 0.44204687500000006 0.5621041666666666 0.072625 0.1115
0 0.478671875 0.5009166666666667 0.0245625 0.024125
0 0.34195312499999997 0.4686875 0.0263125 0.032625
0 0.29703124999999997 0.4019583333333333 0.019796875 0.022125
0 0.4415625 0.3365208333333333 0.021124999999999998 0.024541666666666666
0 0.41764062500000004 0.29810416666666667 0.024656249999999998 0.034604166666666665
0 0.6256406250000001 0.52175 0.050421875000000005 0.028166666666666666
0 0.35025 0.5253333333333333 0.04559375 0.042562499999999996
0 0.344390625 0.7512291666666666 0.0241875 0.03783333333333334
0 0.42740625000000004 0.5302083333333333 0.043859375 0.044708333333333336
0 0.34109375000000003 0.6635624999999999 0.077 0.10410416666666666
0 0.451203125 0.2904583333333333 0.02321875 0.0314375
0 0.354078125 0.9069375 0.02434375 0.04610416666666666
0 0.4375625 0.8161041666666667 0.0088125 0.02825
0 0.42545312500000004 0.3655 0.013734374999999998 0.017416666666666667
0 0.44815625 0.3837291666666667 0.02165625 0.022208333333333333
0 0.27359374999999997 0.3690833333333333 0.01634375 0.029958333333333333
0 0.4100625 0.255625 0.014671875000000001 0.017166666666666667
0 0.6095312500000001 0.4283125 0.016843749999999998 0.020104166666666666
0 0.391265625 0.3155208333333333 0.014499999999999999 0.017291666666666667
0 0.266265625 0.31145833333333334 0.0241875 0.017895833333333333
0 0.348046875 0.5985625 0.016015625 0.018895833333333334
0 0.55971875 0.45566666666666666 0.011828125 0.013833333333333333
0 0.41690625 0.8170000000000001 0.018546874999999997 0.025458333333333336
0 0.593421875 0.45208333333333334 0.014109374999999999 0.014812500000000001
0 0.6388281250000001 0.585875 0.028875 0.0228125
0 0.44409375000000006 0.5039166666666667 0.015359375 0.021354166666666667