0 0.47534375000000006 0.5950624999999999 0.015078125000000001 0.023708333333333335
0 0.531734375 0.8424583333333333 0.0219375 0.0188125
0 0.427734375 0.338875 0.009093750000000001 0.011354166666666667
0 0.60009375 0.6809999999999999 0.0298125 0.030979166666666665
0 0.44384375 0.30843750000000003 0.010703124999999999 0.018187500000000002
0 0.52490625 0.671875 0.015671875 0.028166666666666666
0 0.542484375 0.5856041666666666 0.0241875 0.029770833333333333
0 0.35425 0.536125 0.022765625 0.024583333333333336
0 0.33471875 0.501625 0.01815625 0.020645833333333332
0 0.43920312499999997 0.4957708333333333 0.014453125 0.014416666666666666
0 0.550296875 0.609375 0.024234375 0.032875
0 0.476078125 0.6223958333333334 0.011546875 0.0188125