0 0.427734375 0.567375 0.037328125000000004 0.041604166666666664
0 0.486328125 0.6035208333333333 0.015015625 0.026791666666666665
0 0.647953125 0.5149791666666667 0.022078125 0.027791666666666666
0 0.6748125 0.44758333333333333 0.04184375 0.0530625
0 0.73975 0.39975 0.024890625 0.03333333333333333
0 0.41040625000000003 0.6679791666666667 0.07184375 0.066375
0 0.612796875 0.4560625 0.059203125 0.041749999999999995
0 0.551578125 0.49716666666666665 0.020578125 0.019625
0 0.59521875 0.4973958333333333 0.01665625 0.019874999999999997
0 0.55225 0.5302708333333334 0.010734375 0.0163125
0 0.45239062499999994 0.623375 0.01525 0.0183125
0 0.50928125 0.5878958333333333 0.019640625000000002 0.024916666666666667
0 0.70215625 0.41372916666666665 0.022765625 0.02272916666666667
0 0.529296875 0.5332083333333333 0.021578125 0.03575
0 0.541015625 0.5494791666666666 0.015671875 0.021958333333333333
0 0.57715625 0.50325 0.031609375 0.0348125
0 0.77246875 0.42025 0.016921875 0.0225625
0 0.71778125 0.48339583333333336 0.023703125 0.027270833333333334