0 0.44653124999999994 0.6920625 0.01815625 0.0253125
0 0.40795312499999997 0.514 0.017781250000000002 0.0199375
0 0.51025 0.29362499999999997 0.013843749999999998 0.017895833333333333
0 0.536140625 0.8287708333333333 0.019375 0.020395833333333332
0 0.41771874999999997 0.6933541666666667 0.01640625 0.016833333333333332
0 0.44678125 0.24056249999999998 0.017640625 0.020166666666666666
0 0.508296875 0.4661458333333333 0.019234375 0.022375
0 0.394046875 0.389 0.020171875 0.017562499999999998
0 0.5493125 0.5306041666666667 0.014328125 0.02352083333333333
0 0.641609375 0.5524166666666667 0.019984375 0.02325
0 0.114984375 0.6757916666666667 0.017374999999999998 0.0238125
0 0.41284375000000006 0.7122499999999999 0.022328124999999997 0.028541666666666667
0 0.41626562500000003 0.8365833333333333 0.030375000000000003 0.035270833333333335
0 0.0454375 0.921875 0.01771875 0.026895833333333334
0 0.23071875 0.6211041666666667 0.01146875 0.0163125
0 0.366453125 0.7291666666666666 0.026203125 0.04014583333333333
0 0.046484375 0.5403749999999999 0.027171875 0.0253125
0 0.571296875 0.4404375 0.01578125 0.019874999999999997
0 0.08496875000000001 0.9394583333333333 0.01490625 0.017625000000000002
0 0.398921875 0.3564375 0.011875 0.0143125
0 0.327390625 0.41731250000000003 0.026968750000000003 0.04127083333333333
0 0.283453125 0.5784583333333334 0.0121875 0.016833333333333332
0 0.625484375 0.361 0.0110625 0.0165
0 0.391359375 0.29474999999999996 0.029375000000000002 0.026145833333333333