0 0.41431250000000003 0.6533125 0.029921874999999997 0.0428125
0 0.318109375 0.42383333333333334 0.034296875 0.029437500000000002
0 0.41235937500000003 0.6090416666666666 0.03365625 0.04402083333333333
0 0.5131875 0.7565208333333333 0.01909375 0.025354166666666667
0 0.46020312499999994 0.5751875 0.02859375 0.047125
0 0.161625 0.5546875 0.028937499999999998 0.0331875
0 0.31640625 0.7923125 0.047093750000000004 0.0328125
0 0.391609375 0.7864583333333334 0.038906249999999996 0.04720833333333333
0 0.185234375 0.46316666666666667 0.0693125 0.06949999999999999
0 0.256109375 0.40070833333333333 0.067203125 0.08829166666666667
0 0.19909375 0.5201875 0.0546875 0.07333333333333333
0 0.465828125 0.38314583333333335 0.039703125 0.06160416666666667
0 0.40014062499999997 0.43424999999999997 0.05625 0.08895833333333333
0 0.41381249999999997 0.5358125 0.032171875 0.08235416666666667
0 0.45532812500000003 0.5192083333333334 0.018125 0.04014583333333333
0 0.35790625 0.3424583333333333 0.060421875 0.06872916666666667
0 0.128125 0.5275416666666667 0.0744375 0.10735416666666667
0 0.31121875 0.35541666666666666 0.074140625 0.0850625
0 0.48267187500000003 0.31166666666666665 0.067609375 0.0695625
0 0.380109375 0.3256875 0.1068125 0.07485416666666667
0 0.41476562499999997 0.8707083333333333 0.017046875 0.036104166666666666
0 0.49275 0.15270833333333333 0.20426562499999998 0.30541666666666667
0 0.5649375 0.8098958333333334 0.0171875 0.0335625
0 0.47192187499999994 0.7298125 0.0235625 0.026083333333333333
0 0.44848437499999994 0.7487083333333333 0.013953125 0.01964583333333333
0 0.08039062500000001 0.5924583333333333 0.015421874999999998 0.020166666666666666
0 0.380375 0.7845 0.018437500000000002 0.023625