0 0.432625 0.3398541666666667 0.011875 0.0188125
0 0.504390625 0.20149999999999998 0.015421874999999998 0.018187500000000002
0 0.8022500000000001 0.17839583333333334 0.01615625 0.017104166666666667
0 0.544921875 0.07752083333333333 0.017984375 0.0230625
0 0.18078125 0.4362083333333333 0.01990625 0.020479166666666666
0 0.8510781250000001 0.1048125 0.018640625 0.029208333333333333
0 0.099484375 0.5045625 0.198734375 0.20572916666666666
0 0.271234375 0.7382916666666667 0.12273437499999999 0.22362500000000002
0 0.3879375 0.5765 0.01353125 0.021041666666666667
0 0.393796875 0.6376875 0.013734374999999998 0.017770833333333333
0 0.8515625 0.06266666666666666 0.014499999999999999 0.014812500000000001
0 0.536140625 0.13166666666666668 0.018765625 0.029437500000000002
0 0.43653125 0.6725208333333333 0.0081875 0.013666666666666666
0 0.1330625 0.44758333333333333 0.0255625 0.018395833333333333
0 0.550296875 0.12712500000000002 0.03228125 0.0325625
0 0.37890625 0.4583333333333333 0.01490625 0.0208125
0 0.49340624999999994 0.6162083333333332 0.011828125 0.017354166666666667
0 0.51953125 0.43164583333333334 0.122921875 0.21158333333333335
0 0.66015625 0.9453125 0.017578125 0.013875
0 0.619625 0.09341666666666668 0.086 0.097