0 0.332765625 0.17072916666666668 0.02071875 0.035895833333333335
0 0.543953125 0.46679166666666666 0.01953125 0.0280625
0 0.414546875 0.36164583333333333 0.0171875 0.02735416666666667
0 0.58203125 0.22347916666666665 0.01571875 0.023625
0 0.582515625 0.14225000000000002 0.018187500000000002 0.02654166666666667
0 0.542484375 0.40039583333333334 0.017984375 0.0228125
0 0.555171875 0.34179166666666666 0.01871875 0.0240625
0 0.492671875 0.477875 0.016593749999999997 0.03245833333333333
0 0.46606249999999994 0.35058333333333336 0.021578125 0.0404375
0 0.6640625 0.1743125 0.01653125 0.016645833333333335
0 0.437984375 0.39908333333333335 0.0260625 0.04704166666666666
0 0.48754687499999994 0.04675 0.019234375 0.025458333333333336
0 0.375484375 0.16291666666666668 0.01578125 0.0208125
0 0.402828125 0.14250000000000002 0.02590625 0.043291666666666666
0 0.40014062499999997 0.439125 0.01609375 0.025604166666666664
0 0.074640625 0.8723958333333334 0.019984375 0.03225
0 0.173953125 0.5810625 0.020015625000000002 0.026000000000000002
0 0.622078125 0.40658333333333335 0.017781250000000002 0.02335416666666667
0 0.42334375 0.18945833333333334 0.042875 0.07120833333333333
0 0.1955625 0.14958333333333332 0.024421875000000003 0.066
0 0.06646875 0.7389375 0.014328125 0.024687499999999998
0 0.04328125 0.90625 0.032953125 0.050895833333333335
0 0.380859375 0.07133333333333333 0.046203125 0.0765
0 0.24890625000000002 0.4544375 0.0108125 0.012958333333333332
0 0.20789062500000002 0.28500000000000003 0.018046875 0.023708333333333335
0 0.431640625 0.8919374999999999 0.015546874999999998 0.0234375
0 0.46068749999999997 0.828125 0.01103125 0.014270833333333333
0 0.48754687499999994 0.5318958333333333 0.014109374999999999 0.022291666666666664