0 0.115359375 0.51075 0.0805 0.091875
0 0.009484375 0.7226666666666667 0.018546874999999997 0.036145833333333335
0 0.59228125 0.40625 0.048578125 0.06116666666666667
0 0.60009375 0.5315833333333333 0.04409375 0.201
0 0.10931249999999999 0.30695833333333333 0.046109375 0.06116666666666667
0 0.03403125 0.46647916666666667 0.024703125 0.029604166666666668
0 0.48340625 0.39877083333333335 0.014781250000000001 0.022291666666666664
0 0.396234375 0.4348958333333333 0.089296875 0.23322916666666668
0 0.49071875 0.6341249999999999 0.11376562500000001 0.199375
0 0.9795 0.6966249999999999 0.036828125 0.04810416666666666
0 0.588875 0.48470833333333335 0.03353125 0.08085416666666667
0 0.031984374999999995 0.4182916666666667 0.0390625 0.06045833333333333
0 0.5810625 0.10693749999999999 0.0238125 0.028874999999999998