0 0.37174999999999997 0.4546041666666667 0.037765625000000004 0.030041666666666668
0 0.469734375 0.41210416666666666 0.02390625 0.018187500000000002
0 0.55371875 0.432625 0.032171875 0.028645833333333332
0 0.40650000000000003 0.4700625 0.068421875 0.04545833333333334
0 0.5859375 0.5286458333333334 0.01953125 0.02033333333333333
0 0.49340624999999994 0.5026041666666666 0.013328125 0.014145833333333333
0 0.508796875 0.7864583333333334 0.292 0.4023541666666667
0 0.421390625 0.5696666666666667 0.030671874999999998 0.044270833333333336
0 0.49121875 0.6455 0.0305625 0.032875
0 0.450203125 0.6181666666666668 0.02284375 0.022125
0 0.39575 0.317875 0.022468750000000003 0.018125
0 0.563484375 0.6253333333333334 0.0140625 0.014812500000000001