0 0.4528125 0.42885416666666665 0.025859375 0.04520833333333333
0 0.29679687499999996 0.6271458333333333 0.014109374999999999 0.015208333333333332
0 0.228953125 0.5300625 0.014875 0.0131875
0 0.10209375000000001 0.33979166666666666 0.01103125 0.012833333333333334
0 0.103625 0.4071458333333334 0.014109374999999999 0.01875
0 0.10578125000000001 0.44433333333333336 0.012265624999999999 0.011375
0 0.20159375000000002 0.6329791666666666 0.010734375 0.008458333333333333
0 0.5217968749999999 0.178125 0.019125 0.020520833333333332
0 0.463015625 0.24291666666666664 0.015734375000000002 0.014333333333333333
0 0.359640625 0.24631250000000002 0.012656249999999999 0.0190625
0 0.5022031250000001 0.7001041666666666 0.007718750000000001 0.02975
0 0.500984375 0.6972708333333333 0.0136875 0.02325
0 0.48657812500000003 0.31983333333333336 0.011109375000000001 0.014208333333333333
0 0.599609375 0.09895833333333333 0.017578125 0.018666666666666668
0 0.326171875 0.6071041666666667 0.010249999999999999 0.014645833333333334
0 0.41528124999999994 0.15039583333333334 0.015421874999999998 0.018041666666666668
0 0.5498125 0.1048125 0.0171875 0.02402083333333333
0 0.391359375 0.38216666666666665 0.011375 0.0149375
0 0.508296875 0.4895833333333333 0.00809375 0.013979166666666666
0 0.443359375 0.17072916666666668 0.0115 0.013500000000000002
0 0.13684375 0.3789166666666667 0.01621875 0.018041666666666668
0 0.308109375 0.5201875 0.0205625 0.015520833333333334
0 0.12335937500000001 0.3411458333333333 0.015296874999999998 0.015958333333333335
0 0.4350625 0.12377083333333333 0.042171875 0.03154166666666667
0 0.55225 0.059375 0.02409375 0.029604166666666668
0 0.50146875 0.47070833333333334 0.00996875 0.012395833333333333
0 0.536140625 0.9557291666666666 0.015609375 0.01964583333333333
0 0.392828125 0.014041666666666668 0.017046875 0.020645833333333332
0 0.142453125 0.33187500000000003 0.013375000000000001 0.014416666666666666
0 0.47806249999999995 0.16216666666666668 0.056625 0.050312499999999996
0 0.478984375 0.4378958333333333 0.027625 0.04016666666666667
0 0.5599062499999999 0.4893125 0.09534375 0.1183125
0 0.55203125 0.5986458333333334 0.05184375 0.09220833333333332
0 0.48153125 0.6480208333333334 0.043515625 0.059270833333333335
0 0.382171875 0.3535833333333333 0.023765625000000002 0.044333333333333336