0 0.289578125 0.400625 0.058328124999999995 0.029708333333333333
0 0.483984375 0.5528333333333334 0.16328125 0.24735416666666668
0 0.32109375 0.5419166666666667 0.0328125 0.041479166666666664
0 0.282953125 0.10945833333333334 0.051265625 0.04495833333333333
0 0.3645 0.49185416666666665 0.020015625000000002 0.021208333333333333
0 0.3620625 0.5377708333333333 0.022578124999999998 0.023166666666666665
0 0.3435 0.17414583333333333 0.024515625 0.022041666666666668
0 0.417 0.42935416666666665 0.01609375 0.016895833333333332
0 0.73046875 0.2994791666666667 0.041078125 0.039749999999999994
0 0.46314062500000003 0.5791041666666668 0.012828125000000001 0.0161875
0 0.316890625 0.6559166666666666 0.016468749999999997 0.017895833333333333