0 0.51465625 0.6149166666666667 0.044187500000000005 0.044708333333333336
0 0.796390625 0.15991666666666668 0.1746875 0.23258333333333334
0 0.416015625 0.30012500000000003 0.090265625 0.09358333333333334
0 0.81153125 0.09341666666666668 0.029703125000000004 0.029666666666666668
0 0.608890625 0.21841666666666668 0.117796875 0.12735416666666668
0 0.235109375 0.2459375 0.08106250000000001 0.08308333333333334
0 0.7055625 0.0894375 0.029421874999999997 0.030166666666666668
0 0.5805625 0.2810833333333333 0.11554687500000001 0.12443749999999999
0 0.96875 0.5058541666666667 0.031734374999999995 0.0331875
0 0.332515625 0.24154166666666665 0.030921874999999998 0.05664583333333333
0 0.345703125 0.4348958333333333 0.017640625 0.024854166666666667
0 0.0739375 0.5042291666666666 0.147890625 0.352875
0 0.307125 0.276375 0.0196875 0.021354166666666667
0 0.226078125 0.2225 0.017859375 0.02272916666666667
0 0.3825625 0.14177083333333332 0.01234375 0.0183125
0 0.636234375 0.42904166666666665 0.014781250000000001 0.01941666666666667
0 0.297859375 0.06045833333333333 0.013328125 0.019187500000000003
0 0.72559375 0.20995833333333333 0.035484375 0.07893750000000001
0 0.55371875 0.2716458333333333 0.0298125 0.0389375