0 0.8911093749999999 0.24170833333333333 0.016921875 0.017354166666666667
0 0.8286093749999999 0.796875 0.018515625 0.028541666666666667
0 0.9418906249999999 0.6796875 0.0189375 0.0199375
0 0.615234375 0.828125 0.018515625 0.024395833333333335
0 0.93359375 0.23420833333333332 0.028218749999999997 0.02722916666666667
0 0.473140625 0.5869166666666668 0.022296875 0.029729166666666664
0 0.44678125 0.623375 0.016718749999999998 0.02685416666666667
0 0.307859375 0.7148541666666667 0.01390625 0.024458333333333335
0 0.598140625 0.8769583333333333 0.015015625 0.017895833333333333
0 0.558109375 0.6624375 0.008671874999999999 0.012458333333333333
0 0.21301562500000001 0.27408333333333335 0.019453124999999998 0.012645833333333334
0 0.719734375 0.8326875 0.027109375 0.0496875
0 0.61865625 0.4440208333333333 0.0225 0.0320625
0 0.719734375 0.5475208333333333 0.01353125 0.015520833333333334
0 0.56640625 0.4104791666666667 0.064640625 0.06322916666666667
0 0.440921875 0.8242291666666667 0.010984375000000001 0.015104166666666667
0 0.747078125 0.626625 0.00978125 0.016458333333333335
0 0.271484375 0.3116875 0.020453125 0.014145833333333333
0 0.630859375 0.31656249999999997 0.040531250000000005 0.028833333333333332
0 0.166265625 0.30062500000000003 0.018375 0.017104166666666667
0 0.48462500000000003 0.9674583333333333 0.049859375 0.06172916666666666
0 0.216546875 0.498375 0.011875 0.012895833333333334
0 0.7444531249999999 0.4205625 0.025859375 0.06383333333333334
0 0.60909375 0.4963125 0.0193125 0.03352083333333333
0 0.42542187499999995 0.6023541666666666 0.01846875 0.04864583333333334
0 0.71534375 0.13441666666666666 0.06135937500000001 0.06354166666666666
0 0.8242968749999999 0.08139583333333333 0.020734375 0.018104166666666664