0 0.43503125000000004 0.4808125 0.054953125000000005 0.044270833333333336
0 0.512203125 0.48112499999999997 0.040375 0.044520833333333336
0 0.45043749999999994 0.7291666666666666 0.03875 0.05425
0 0.44678125 0.550125 0.03240625 0.029604166666666668
0 0.41015625 0.7610625 0.028546875 0.04572916666666667
0 0.56396875 0.5231041666666667 0.0238125 0.03402083333333333
0 0.653328125 0.7018333333333333 0.09125 0.05708333333333333
0 0.708984375 0.7890625 0.04525 0.04739583333333333
0 0.015171875000000001 0.45214583333333336 0.030343750000000003 0.044270833333333336
0 0.56153125 0.5784583333333334 0.015125 0.01904166666666667
0 0.49048437500000003 0.6087291666666667 0.048953125 0.05435416666666667
0 0.81153125 0.9192708333333334 0.08209375 0.1398125
0 0.582515625 0.6940208333333333 0.025671875 0.034874999999999996
0 0.525875 0.6604791666666666 0.068171875 0.045125
0 0.537109375 0.890625 0.140875 0.182125
0 0.543953125 0.40820833333333334 0.029921874999999997 0.028208333333333332
0 0.745609375 0.8841249999999999 0.051265625 0.049104166666666664
0 0.24707812499999998 0.6181666666666668 0.063359375 0.1104375
0 0.031734374999999995 0.6604791666666666 0.029593750000000002 0.030916666666666665
0 0.829109375 0.5846458333333333 0.06671875000000001 0.12597916666666667