0 0.41354687500000004 0.628 0.043109375 0.06058333333333333
0 0.40354687499999997 0.6948958333333334 0.02146875 0.036041666666666666
0 0.43354687500000005 0.7471458333333333 0.028578125 0.03902083333333333
0 0.42012499999999997 0.8068333333333333 0.061750000000000006 0.06783333333333334
0 0.520015625 0.6435625 0.015671875 0.02025
0 0.46900000000000003 0.5602291666666667 0.014953125000000001 0.017166666666666667
0 0.5 0.6809999999999999 0.03540625 0.03539583333333333
0 0.41332812499999994 0.2716458333333333 0.01609375 0.018604166666666665
0 0.488765625 0.731125 0.051453125 0.05622916666666666
0 0.46167187500000006 0.6165416666666667 0.0378125 0.03960416666666667
0 0.333984375 0.5836666666666667 0.018484375 0.015708333333333335
0 0.375 0.5055416666666667 0.013843749999999998 0.0123125
0 0.36621875 0.45508333333333334 0.029921874999999997 0.02645833333333333
0 0.7685625 0.087 0.018515625 0.01964583333333333
0 0.5546875 0.4645208333333333 0.016984375 0.02325
0 0.431640625 0.34602083333333333 0.010906250000000001 0.014145833333333333
0 0.46264062499999997 0.5227916666666667 0.03521875 0.03835416666666667
0 0.413578125 0.5205 0.0485 0.050124999999999996
0 0.4086875 0.216625 0.010125 0.016833333333333332
0 0.661625 0.5914791666666667 0.023328124999999998 0.03045833333333333
0 0.62646875 0.37304166666666666 0.01428125 0.0165625
0 0.77246875 0.39647916666666666 0.0145625 0.013770833333333335
0 0.406734375 0.39616666666666667 0.060640625000000004 0.05354166666666667
0 0.500484375 0.31754166666666667 0.014624999999999999 0.0336875
0 0.520015625 0.3685 0.008578125 0.013354166666666667
0 0.7836875 0.15591666666666668 0.015546874999999998 0.020729166666666667
0 0.396734375 0.3188541666666667 0.039125 0.05025
0 0.732421875 0.37272916666666667 0.011828125 0.013604166666666667
0 0.5966875 0.8287708333333333 0.012718750000000001 0.015708333333333335
0 0.337640625 0.17495833333333335 0.02284375 0.027854166666666666
0 0.504890625 0.26677083333333335 0.012296875 0.015958333333333335
0 0.9140625 0.5397083333333333 0.01103125 0.013000000000000001
0 0.20178124999999997 0.432625 0.012421875 0.014645833333333334
0 0.44775 0.38964583333333336 0.013593749999999998 0.012645833333333334
0 0.587890625 0.7128958333333333 0.013640625 0.013291666666666667
0 0.5180625 0.4726666666666667 0.01125 0.012958333333333332
0 0.597171875 0.3265 0.01234375 0.013250000000000001