0 0.25634375 0.45247916666666665 0.02059375 0.0240625
0 0.575203125 0.6311875 0.0268125 0.029604166666666668
0 0.33178125 0.9140625 0.0195 0.022458333333333334
0 0.21765625000000002 0.4036458333333333 0.02434375 0.022208333333333333
0 0.47265625 0.5091249999999999 0.038703125 0.0365
0 0.978515625 0.23860416666666667 0.023765625000000002 0.0188125
0 0.3335 0.25227083333333333 0.025859375 0.029437500000000002
0 0.42699999999999994 0.5908125 0.02025 0.021354166666666667
0 0.62109375 0.532875 0.051765625 0.07389583333333333
0 0.352546875 0.28077083333333336 0.015015625 0.0195625
0 0.145390625 0.9713541666666666 0.015546874999999998 0.0228125
0 0.25121875 0.5465416666666666 0.039640625 0.04747916666666666