0 0.42821875 0.24266666666666667 0.031078125 0.05375
0 0.533203125 0.8014375 0.02096875 0.023625
0 0.5493125 0.5833333333333334 0.021124999999999998 0.030645833333333334
0 0.3410625 0.45475 0.01971875 0.021541666666666667
0 0.380609375 0.137125 0.011421875 0.015520833333333334
0 0.38671875 0.49674999999999997 0.015296874999999998 0.0225625
0 0.526859375 0.6344375 0.015546874999999998 0.0284375
0 0.594234375 0.6796875 0.026703125 0.03395833333333333
0 0.543953125 0.5514375 0.024609375 0.032625
0 0.3930625 0.21354166666666666 0.01065625 0.014875
0 0.44310937499999997 0.4404375 0.015296874999999998 0.018458333333333334
0 0.47509375 0.8378958333333333 0.009515625 0.0328125
0 0.5913125 0.5943958333333333 0.0495 0.05354166666666667
0 0.015953125000000002 0.47070833333333334 0.0304375 0.03339583333333333