0 0.586921875 0.6650416666666668 0.027171875 0.043291666666666666
0 0.73340625 0.5478541666666668 0.05728124999999999 0.0806875
0 0.682125 0.48991666666666667 0.026921875 0.027895833333333335
0 0.40234375 0.5677083333333334 0.039484375 0.0575
0 0.393796875 0.6933541666666667 0.026703125 0.030645833333333334
0 0.17078125 0.40299999999999997 0.028968749999999998 0.03783333333333334
0 0.63525 0.5117291666666667 0.042640625 0.10114583333333332
0 0.51709375 0.43685416666666665 0.015609375 0.017416666666666667
0 0.646484375 0.6549583333333333 0.021015625 0.020104166666666666
0 0.8442343749999999 0.8300833333333333 0.034703125 0.062875
0 0.5341875 0.38216666666666665 0.0468125 0.05558333333333333
0 0.48120312500000006 0.3714166666666667 0.016921875 0.021041666666666667
0 0.83984375 0.9270833333333334 0.055203125 0.06685416666666667
0 0.210453125 0.5758541666666667 0.028765625 0.03377083333333333
0 0.48217187499999997 0.40527083333333336 0.0136875 0.016895833333333332
0 0.22803125 0.20979166666666668 0.01634375 0.01825
0 0.6850625 0.7265625 0.02178125 0.020729166666666667
0 0.587890625 0.477875 0.025953125 0.022458333333333334
0 0.3984375 0.338875 0.017906250000000002 0.017229166666666667
0 0.7475625 0.8333333333333334 0.019125 0.021541666666666667
0 0.63134375 0.43002083333333335 0.03259375 0.01625
0 0.288578125 0.5475208333333333 0.018796874999999998 0.014750000000000001
0 0.531734375 0.3450625 0.029031249999999998 0.05054166666666667
0 0.9470000000000001 0.8866666666666667 0.026828125 0.05735416666666667