0 0.6528906250000001 0.4659375 0.096703125 0.06525
0 0.7670312499999999 0.478375 0.05128125 0.042
0 0.757328125 0.5615208333333332 0.01771875 0.018458333333333334
0 0.50684375 0.5651041666666666 0.021046875 0.0234375
0 0.615234375 0.78125 0.0140625 0.0208125
0 0.625984375 0.7395833333333334 0.012968750000000001 0.020958333333333336
0 0.65478125 0.5712916666666668 0.012421875 0.015770833333333335
0 0.444828125 0.7682291666666666 0.015953125000000002 0.0149375
0 0.59765625 0.39810416666666665 0.026859375 0.03629166666666667
0 0.47095312500000003 0.21858333333333332 0.014671875000000001 0.025791666666666668
0 0.577640625 0.9056041666666667 0.0390625 0.05695833333333333
0 0.4404375 0.5615208333333332 0.038906249999999996 0.049604166666666664
0 0.529296875 0.6289166666666667 0.014328125 0.018458333333333334
0 0.48217187499999997 0.2967083333333333 0.01353125 0.017291666666666667
0 0.520015625 0.35872916666666665 0.02071875 0.025729166666666668
0 0.741703125 0.583 0.016015625 0.023
0 0.2836875 0.47720833333333335 0.034703125 0.0856875
0 0.56103125 0.3720625 0.034999999999999996 0.03691666666666667
0 0.70459375 0.8671875 0.20178124999999997 0.2534166666666667
0 0.46240625 0.25666666666666665 0.012921875 0.018979166666666665
0 0.48706250000000006 0.36752083333333335 0.0110625 0.015333333333333334
0 0.766109375 0.352875 0.015421874999999998 0.01825
0 0.503421875 0.7845 0.02328125 0.0248125
0 0.41528124999999994 0.17333333333333334 0.01490625 0.01904166666666667
0 0.426265625 0.4814375 0.085578125 0.0620625
0 0.191765625 0.2622083333333333 0.018609375 0.020958333333333336
0 0.7998125 0.7128958333333333 0.011921875 0.015166666666666667
0 0.146234375 0.13933333333333334 0.01390625 0.015062500000000001