0 0.557625 0.458 0.034484375 0.04675
0 0.629890625 0.8027291666666667 0.031921875 0.0385
0 0.45215625 0.261875 0.040828125 0.05558333333333333
0 0.51709375 0.47720833333333335 0.027687499999999997 0.050041666666666665
0 0.51709375 0.29474999999999996 0.029249999999999998 0.0400625
0 0.010984375000000001 0.8821666666666667 0.02084375 0.049604166666666664
0 0.621578125 0.768875 0.030671874999999998 0.03339583333333333
0 0.45923437500000003 0.098625 0.045875 0.06322916666666667
0 0.5649375 0.661125 0.027265624999999998 0.06172916666666666
0 0.48462500000000003 0.31933333333333336 0.021859375 0.042979166666666666
0 0.49682812500000006 0.23616666666666666 0.031734374999999995 0.05225
0 0.43653125 0.20004166666666665 0.036015625 0.0530625
0 0.57665625 0.7083333333333334 0.020171875 0.030354166666666668
0 0.193 0.19368749999999998 0.021812500000000002 0.015166666666666667
0 0.19275 0.26839583333333333 0.017859375 0.01964583333333333
0 0.178828125 0.33918750000000003 0.0235625 0.030520833333333334
0 0.569828125 0.26758333333333334 0.021281249999999998 0.0175
0 0.512203125 0.19547916666666668 0.02059375 0.028208333333333332
0 0.199953125 0.17072916666666668 0.02303125 0.016708333333333332
0 0.479 0.6432291666666666 0.028937499999999998 0.04435416666666667
0 0.494140625 0.3737083333333333 0.02484375 0.04020833333333333