0 0.41675000000000006 0.8417916666666667 0.054109375 0.07133333333333333
0 0.5024375 0.5455833333333333 0.037328125000000004 0.049041666666666664
0 0.6591875 0.8489583333333334 0.05571875 0.06197916666666667
0 0.61084375 0.7825624999999999 0.04434375 0.06216666666666667
0 0.557625 0.557625 0.023421875 0.040375
0 0.46215624999999994 0.4961041666666667 0.020296875 0.03104166666666667
0 0.77978125 0.9290416666666667 0.0614375 0.07333333333333333
0 0.38428125 0.5598958333333334 0.06671875000000001 0.076375
0 0.54540625 0.7643333333333333 0.0856875 0.09472916666666667
0 0.40893750000000006 0.5367916666666667 0.032234374999999996 0.034541666666666665
0 0.5625 0.9557291666666666 0.047421875 0.05708333333333333
0 0.387453125 0.6653749999999999 0.074890625 0.08252083333333333
0 0.66796875 0.8046875 0.02253125 0.026083333333333333
0 0.76709375 0.3489583333333333 0.045015625 0.042312499999999996
0 0.6953125 0.8020833333333334 0.030625000000000003 0.0389375
0 0.360359375 0.9023541666666667 0.031609375 0.03429166666666667
0 0.599125 0.2836875 0.013593749999999998 0.0165
0 0.44434375 0.9264375 0.023765625000000002 0.028708333333333332
0 0.12865625 0.6637291666666666 0.022109375 0.029208333333333333
0 0.064515625 0.6533125 0.03896875 0.0393125
0 0.176140625 0.63575 0.015359375 0.01964583333333333
0 0.590828125 0.8405 0.0304375 0.03858333333333333
0 0.27246875 0.6796875 0.029140624999999996 0.024687499999999998
0 0.216546875 0.5872499999999999 0.028109375 0.025895833333333333
0 0.521 0.6705833333333333 0.080625 0.1120625
0 0.42212500000000003 0.6402916666666666 0.0419375 0.04589583333333334
0 0.357171875 0.75325 0.02828125 0.025604166666666664
0 0.525875 0.463875 0.013593749999999998 0.017770833333333333
0 0.531734375 0.6416041666666668 0.040765625 0.059041666666666666
0 0.58984375 0.46939583333333335 0.079046875 0.05695833333333333
0 0.337890625 0.5602291666666667 0.009375 0.014541666666666668
0 0.593265625 0.32325 0.02828125 0.034874999999999996
0 0.546875 0.32145833333333335 0.028765625 0.0326875
0 0.037203125 0.5595625 0.017781250000000002 0.016458333333333335