0 0.4859375 0.27075 0.055203125 0.08941666666666667
0 0.44934375 0.5509375 0.151296875 0.28170833333333334
0 0.506765625 0.7024791666666667 0.055203125 0.109125
0 0.526953125 0.8383958333333333 0.035671875 0.12054166666666667
0 0.526171875 0.93075 0.06015625 0.08302083333333334
0 0.9311562500000001 0.7252708333333333 0.137328125 0.2732708333333333
0 0.253421875 0.4781875 0.027328124999999998 0.04114583333333333
0 0.334234375 0.703125 0.02409375 0.0326875
0 0.236578125 0.44629166666666664 0.028328125 0.029895833333333333
0 0.8354531250000001 0.2708333333333333 0.028328125 0.035479166666666666
0 0.8203125 0.15591666666666668 0.01653125 0.0199375
0 0.598640625 0.06872916666666667 0.01815625 0.025604166666666664
0 0.11376562500000001 0.5078125 0.012531249999999999 0.024458333333333335
0 0.79590625 0.24641666666666667 0.01665625 0.022916666666666665
0 0.046484375 0.4648541666666667 0.017578125 0.013604166666666667
0 0.031015625 0.30404166666666665 0.017781250000000002 0.021458333333333336
0 0.257328125 0.13216666666666665 0.01584375 0.017979166666666668
0 0.086484375 0.5003333333333333 0.017781250000000002 0.022041666666666668
0 0.692390625 0.30093749999999997 0.12878125 0.3315416666666666
0 0.23254687500000001 0.8886666666666667 0.011296875000000001 0.018666666666666668
0 0.654296875 0.6640625 0.0098125 0.014645833333333334
0 0.8359375 0.45897916666666666 0.0485 0.08325
0 0.016984375 0.46647916666666667 0.021124999999999998 0.015583333333333334
0 0.38184375 0.611 0.012421875 0.017895833333333333
0 0.21973437499999998 0.16797916666666665 0.02034375 0.024770833333333336
0 0.629890625 0.6647083333333333 0.010484375 0.015708333333333335
0 0.12451562499999999 0.04435416666666667 0.01178125 0.012750000000000001
0 0.8608437500000001 0.29491666666666666 0.016718749999999998 0.019708333333333335
0 0.052515624999999996 0.49674999999999997 0.014390625 0.0225625
0 0.38428125 0.4362083333333333 0.012625 0.011000000000000001
0 0.83984375 0.38477083333333334 0.012828125000000001 0.02002083333333333
0 0.160890625 0.8287708333333333 0.013640625 0.021354166666666667
0 0.37353125 0.5810625 0.011421875 0.017708333333333333