0 0.45459375 0.32243750000000004 0.0199375 0.022041666666666668
0 0.390140625 0.3395208333333333 0.021015625 0.01964583333333333
0 0.305671875 0.28954166666666664 0.0235625 0.023625
0 0.38134375 0.3139583333333333 0.01678125 0.017833333333333333
0 0.585453125 0.5625 0.729984375 0.8222708333333333
0 0.317140625 0.32779166666666665 0.023078124999999998 0.021625000000000002
0 0.24743750000000003 0.661125 0.019171874999999998 0.02695833333333333
0 0.41528124999999994 0.30370833333333336 0.021625 0.018187500000000002
0 0.488765625 0.32079166666666664 0.014109374999999999 0.0163125
0 0.38646875 0.2195625 0.018796874999999998 0.016458333333333335
0 0.3825625 0.9231874999999999 0.02175 0.022458333333333334
0 0.309078125 0.6409583333333334 0.01584375 0.0195625
0 0.4555625 0.35612499999999997 0.027015624999999998 0.020479166666666666
0 0.40112500000000006 0.3606875 0.015671875 0.012645833333333334
0 0.42748437499999997 0.5595625 0.04296875 0.037562500000000006
0 0.452265625 0.4525625 0.23976562499999998 0.1391875