0 0.5084375 0.5924166666666667 0.03028125 0.059354166666666666
0 0.522671875 0.6565416666666667 0.01603125 0.045125
0 0.49284375 0.8043541666666666 0.025828125 0.0273125
0 0.9863125 0.5839791666666667 0.027375 0.03658333333333333
0 0.520515625 0.7630208333333334 0.018437500000000002 0.023166666666666665
0 0.5180625 0.7018333333333333 0.019375 0.036229166666666666
0 0.556640625 0.31916666666666665 0.05603125 0.1169375
0 0.57715625 0.5201875 0.01771875 0.01904166666666667
0 0.494140625 0.4417291666666667 0.073671875 0.10808333333333334
0 0.5444375 0.29572916666666665 0.01771875 0.023166666666666665
0 0.55225 0.7884166666666667 0.026453125 0.022375
0 0.504890625 0.30874999999999997 0.02346875 0.021708333333333333
0 0.54834375 0.42643749999999997 0.01621875 0.017895833333333333
0 0.619140625 0.40591666666666665 0.017859375 0.017979166666666668
0 0.379390625 0.2286875 0.028328125 0.022041666666666668
0 0.5131875 0.9147083333333333 0.07976562499999999 0.10775
0 0.211421875 0.9863333333333333 0.026859375 0.0238125
0 0.9716875 0.3245416666666667 0.021859375 0.029083333333333336
0 0.0195625 0.6705208333333333 0.0381875 0.1120625
0 0.9282187499999999 0.2643333333333333 0.01871875 0.020479166666666666
0 0.9697968749999999 0.5076458333333334 0.05625 0.0819375
0 0.335421875 0.18889583333333335 0.016671875 0.022229166666666668
0 0.550515625 0.7576458333333334 0.013546875 0.029166666666666667
0 0.474484375 0.65625 0.013546875 0.0180625