0 0.40368750000000003 0.4959166666666667 0.057390624999999994 0.08579166666666667
0 0.5328125 0.5750833333333334 0.0400625 0.06985416666666668
0 0.5813906249999999 0.553875 0.017890625 0.0274375
0 0.612796875 0.2599375 0.018296875 0.024354166666666666
0 0.33446875 0.5582708333333334 0.017296875 0.015104166666666667
0 0.551265625 0.7506458333333333 0.024390625 0.032
0 0.58203125 0.6568958333333333 0.014328125 0.025500000000000002
0 0.557125 0.34049999999999997 0.02225 0.028874999999999998
0 0.500984375 0.6777291666666667 0.014390625 0.017166666666666667
0 0.23596875 0.5110625 0.014624999999999999 0.01875
0 0.581546875 0.6132916666666667 0.0260625 0.035479166666666666
0 0.9125937499999999 0.6679791666666667 0.030375000000000003 0.018395833333333333
0 0.508796875 0.6699166666666667 0.029421874999999997 0.032875
0 0.36353125 0.598625 0.090578125 0.10279166666666667
0 0.3566875 0.5029375 0.019171874999999998 0.024354166666666666
0 0.148796875 0.7487083333333333 0.013125000000000001 0.019270833333333334
0 0.9296875 0.4869791666666667 0.013125000000000001 0.016770833333333336
0 0.021453125 0.3125 0.02071875 0.022208333333333333
0 0.568359375 0.8867291666666667 0.02059375 0.022041666666666668
0 0.559578125 0.292 0.0171875 0.014750000000000001
0 0.095703125 0.6402916666666666 0.0614375 0.066125
0 0.582515625 0.30793750000000003 0.014453125 0.020395833333333332
0 0.24071875 0.6442083333333334 0.01640625 0.022916666666666665
0 0.515625 0.6624375 0.015421874999999998 0.016395833333333335
0 0.9477499999999999 0.35481250000000003 0.047609374999999995 0.033499999999999995
0 0.555171875 0.8287708333333333 0.015609375 0.0248125
0 0.29296875 0.6712291666666667 0.01234375 0.014270833333333333
0 0.9418906249999999 0.7884166666666667 0.0145625 0.016895833333333332
0 0.9418906249999999 0.6048125 0.02828125 0.0230625
0 0.56640625 0.9140625 0.022328124999999997 0.02272916666666667
0 0.07575 0.6624375 0.018765625 0.021354166666666667
0 0.810546875 0.06058333333333333 0.022625 0.022291666666666664
0 0.8950156249999999 0.8014375 0.016718749999999998 0.016770833333333336
0 0.512203125 0.9908958333333333 0.016843749999999998 0.017979166666666668