0 0.40964062500000004 0.5518125 0.053640625 0.09945833333333334
0 0.690921875 0.26595833333333335 0.025515624999999997 0.021708333333333333
0 0.75390625 0.31297916666666664 0.02665625 0.0234375
0 0.9331093750000001 0.7897083333333333 0.025171875 0.024770833333333336
0 0.7890625 0.2825625 0.018234375 0.0208125
0 0.552734375 0.5094375 0.013218750000000001 0.018458333333333334
0 0.720703125 0.2155 0.057499999999999996 0.049854166666666665
0 0.77196875 0.5712916666666668 0.014390625 0.012750000000000001
0 0.875 0.27116666666666667 0.017296875 0.012854166666666667
0 0.773921875 0.404625 0.063046875 0.06416666666666666
0 0.8784218750000001 0.5895208333333334 0.013953125 0.013604166666666667
0 0.13403125 0.21647916666666667 0.02096875 0.03402083333333333
0 0.87890625 0.9127708333333333 0.022765625 0.023708333333333335
0 0.44556250000000003 0.43814583333333335 0.023765625000000002 0.03389583333333333
0 0.747078125 0.581375 0.011640625 0.013041666666666667