0 0.548171875 0.45027083333333334 0.0390625 0.080375
0 0.44165625000000003 0.446625 0.032046875 0.049604166666666664
0 0.64453125 0.6181666666666668 0.020140625000000002 0.01825
0 0.36303125 0.42220833333333335 0.034875 0.042645833333333334
0 0.547859375 0.30516666666666664 0.08209375 0.0530625
0 0.5835 0.44335416666666666 0.010374999999999999 0.01225
0 0.614265625 0.47558333333333336 0.014171875 0.013770833333333335
0 0.402828125 0.528 0.0081875 0.015645833333333335
0 0.9477499999999999 0.32975 0.0205625 0.027416666666666666
0 0.3305625 0.28189583333333335 0.1798125 0.14527083333333335
0 0.9145468749999999 0.30695833333333333 0.018484375 0.03402083333333333