0 0.421390625 0.34277083333333336 0.01678125 0.02264583333333333
0 0.25415625 0.32535416666666667 0.020171875 0.01964583333333333
0 0.49121875 0.3139583333333333 0.016468749999999997 0.021270833333333336
0 0.189578125 0.375 0.01771875 0.018458333333333334
0 0.610359375 0.18570833333333334 0.010984375000000001 0.023166666666666665
0 0.66309375 0.21191666666666667 0.0130625 0.01941666666666667
0 0.49193749999999997 0.5455833333333333 0.02759375 0.034937499999999996
0 0.2839375 0.45085416666666667 0.033140625 0.03858333333333333
0 0.06659375 0.9655 0.018687500000000003 0.029958333333333333
0 0.447265625 0.6399791666666667 0.012375 0.021708333333333333
0 0.536140625 0.2846666666666666 0.013421875 0.016958333333333336
0 0.595703125 0.40625 0.027265624999999998 0.05225
0 0.23424999999999999 0.47429166666666667 0.02859375 0.0318125
0 0.8110312499999999 0.55175 0.02203125 0.022208333333333333
0 0.611328125 0.3279583333333333 0.02484375 0.03116666666666667
0 0.11164062500000001 0.8815208333333333 0.06281250000000001 0.06647916666666667
0 0.01665625 0.9348958333333334 0.017374999999999998 0.0243125
0 0.166015625 0.9010416666666666 0.069640625 0.07820833333333334
0 0.11164062500000001 0.7604166666666666 0.01196875 0.015291666666666667
0 0.8842812500000001 0.4257916666666667 0.01953125 0.017562499999999998
0 0.3305625 0.39616666666666667 0.03934375 0.051604166666666666
0 0.438484375 0.7174583333333333 0.009125 0.015333333333333334