0 0.515625 0.29802083333333335 0.07653125 0.04127083333333333
0 0.645015625 0.11108333333333334 0.08196875 0.09358333333333334
0 0.2785625 0.6458333333333334 0.10796874999999999 0.10620833333333332
0 0.43042187500000006 0.09408333333333332 0.057921875 0.07625
0 0.37109375 0.5234375 0.07575 0.102625
0 0.341796875 0.5586041666666667 0.065984375 0.10114583333333332
0 0.4711875 0.370125 0.10595312500000001 0.12247916666666667
0 0.5966875 0.18489583333333334 0.049312499999999995 0.07470833333333333
0 0.401859375 0.24966666666666668 0.025265625000000003 0.027895833333333335
0 0.55615625 0.25114583333333335 0.04453125 0.044708333333333336
0 0.705078125 0.12735416666666668 0.04453125 0.060333333333333336
0 0.5765625 0.03602083333333333 0.059375 0.06441666666666666
0 0.58984375 0.12141666666666667 0.053796875 0.06241666666666667
0 0.40845312500000003 0.25879166666666664 0.0935 0.06416666666666666
0 0.5180625 0.11385416666666666 0.053796875 0.033625
0 0.98828125 0.29133333333333333 0.02096875 0.03735416666666667