0 0.48853125000000003 0.4244791666666667 0.02790625 0.039749999999999994
0 0.5835 0.7884166666666667 0.012671874999999999 0.018041666666666668
0 0.869140625 0.61425 0.01490625 0.0165625
0 0.44921875 0.5351666666666667 0.04803125 0.049604166666666664
0 0.292 0.6660208333333333 0.017640625 0.021041666666666667
0 0.379640625 0.567375 0.013328125 0.015958333333333335
0 0.4404375 0.3932291666666667 0.0174375 0.022208333333333333
0 0.613765625 0.442375 0.015187500000000001 0.014875
0 0.2445 0.6432291666666666 0.015015625 0.017229166666666667
0 0.297125 0.8190208333333333 0.01484375 0.018666666666666668
0 0.57325 0.49966666666666665 0.09753125 0.10847916666666667
0 0.74853125 0.8509166666666667 0.014109374999999999 0.018541666666666668
0 0.557125 0.74675 0.01628125 0.01825
0 0.80859375 0.47070833333333334 0.015484375 0.01583333333333333
0 0.786625 0.609375 0.017046875 0.019104166666666665
0 0.5498125 0.6556041666666667 0.01890625 0.0228125
0 0.353765625 0.5345 0.017515625 0.030395833333333334
0 0.391609375 0.6383541666666667 0.020515625000000003 0.022125
0 0.6796875 0.8138124999999999 0.013734374999999998 0.018541666666666668
0 0.579109375 0.8678333333333333 0.018875 0.024125
0 0.54540625 0.48470833333333335 0.03384375 0.03916666666666667
0 0.2268125 0.7324166666666667 0.013640625 0.01825
0 0.723640625 0.4961041666666667 0.022296875 0.0270625
0 0.34765625 0.6083958333333332 0.025 0.0525625
0 0.49682812500000006 0.5579375 0.017109375 0.022458333333333334
0 0.262453125 0.7115833333333333 0.015015625 0.017979166666666668
0 0.19043749999999998 0.8177083333333334 0.01590625 0.019708333333333335
0 0.446296875 0.23600000000000002 0.012718750000000001 0.018541666666666668
0 0.166625 0.29491666666666666 0.014499999999999999 0.017625000000000002
0 0.182859375 0.5113958333333334 0.01771875 0.0253125
0 0.9389687500000001 0.8834583333333333 0.02021875 0.023875
0 0.671875 0.5914791666666667 0.022109375 0.021208333333333333
0 0.151734375 0.5865833333333333 0.012968750000000001 0.023
0 0.362546875 0.2626875 0.011828125 0.016895833333333332
0 0.602046875 0.2810833333333333 0.028437499999999998 0.02625
0 0.387203125 0.5211666666666667 0.01484375 0.017833333333333333
0 0.39184375 0.3463541666666667 0.01678125 0.0160625
0 0.9809531249999999 0.856125 0.014234374999999999 0.0165
0 0.265875 0.8997499999999999 0.016843749999999998 0.021125
0 0.223015625 0.6376875 0.013328125 0.017625000000000002
0 0.594734375 0.10847916666666667 0.012234375 0.016020833333333335
0 0.22717187499999997 0.3789166666666667 0.01571875 0.025645833333333333
0 0.715828125 0.45377083333333335 0.023734375 0.027416666666666666
0 0.193609375 0.4560625 0.022765625 0.024770833333333336
0 0.7685625 0.154875 0.018578125 0.023166666666666665
0 0.665046875 0.6494166666666668 0.035890624999999995 0.041229166666666664
0 0.7211875 0.17495833333333335 0.014953125000000001 0.017291666666666667
0 0.746578125 0.5856041666666666 0.014624999999999999 0.020562499999999997