0 0.42943749999999997 0.7096458333333333 0.04553125 0.05395833333333333
0 0.43724999999999997 0.5803958333333333 0.029249999999999998 0.052375
0 0.465828125 0.8971041666666667 0.17809375 0.2058125
0 0.4243125 0.7832083333333333 0.02153125 0.027895833333333335
0 0.45434374999999994 0.45866666666666667 0.027375 0.04739583333333333
0 0.36621875 0.8261666666666667 0.019453124999999998 0.03383333333333333
0 0.46331249999999996 0.3641041666666667 0.0139375 0.032125
0 0.40064062500000003 0.47754166666666664 0.025374999999999998 0.028604166666666667
0 0.48462500000000003 0.24154166666666665 0.015953125000000002 0.0195
0 0.4711875 0.30583333333333335 0.012875000000000001 0.0195
0 0.41381249999999997 0.7506458333333333 0.023109374999999998 0.026479166666666668
0 0.338375 0.9303333333333333 0.019859375000000002 0.018666666666666668
0 0.489265625 0.5390625 0.022375 0.024166666666666666
0 0.46410937499999994 0.40852083333333333 0.03021875 0.0321875
0 0.489265625 0.2825625 0.0270625 0.038125
0 0.35278125 0.9056041666666667 0.020921875 0.03085416666666667
0 0.431640625 0.6585208333333333 0.026359375 0.032125