0 0.366140625 0.27458333333333335 0.034375 0.07627083333333333
0 0.370828125 0.3770208333333333 0.04375 0.03804166666666667
0 0.311984375 0.29716666666666663 0.019796875 0.031125
0 0.357671875 0.51075 0.03028125 0.03679166666666667
0 0.374265625 0.453125 0.061984375 0.07527083333333334
0 0.30225 0.6191458333333333 0.030375000000000003 0.04495833333333333
0 0.43384375000000003 0.20052083333333334 0.0288125 0.031104166666666665
0 0.375484375 0.5507916666666667 0.030625000000000003 0.036645833333333336
0 0.30078125 0.12670833333333334 0.039125 0.04020833333333333
0 0.43970312500000003 0.9466249999999999 0.03403125 0.0400625
0 0.39721875 0.39160416666666664 0.022765625 0.030770833333333334
0 0.281 0.7565208333333333 0.027484375 0.026583333333333334
0 0.355953125 0.9733125 0.02109375 0.03085416666666667
0 0.189578125 0.07458333333333332 0.011546875 0.014604166666666666
0 0.3046875 0.6777291666666667 0.02521875 0.031875
0 0.388671875 0.19072916666666667 0.055984374999999996 0.07175