0 0.308328125 0.5488541666666666 0.04375 0.05535416666666667
0 0.453125 0.4700625 0.037203125 0.0370625
0 0.098453125 0.4114583333333333 0.03384375 0.055374999999999994
0 0.8979531250000001 0.3398541666666667 0.037046875 0.04435416666666667
0 0.723640625 0.4033125 0.024140625 0.035958333333333335
0 0.52490625 0.473625 0.03359375 0.04529166666666666
0 0.133421875 0.8040416666666667 0.031078125 0.029312500000000002
0 0.493171875 0.6484375 0.01628125 0.021125
0 0.4663125 0.8164166666666667 0.020171875 0.024687499999999998
0 0.32275 0.3776041666666667 0.018437500000000002 0.018458333333333334
0 0.60303125 0.4231875 0.05632812499999999 0.09716666666666667
0 0.271234375 0.5146458333333334 0.0315 0.0319375
0 0.29053125 0.7148541666666667 0.030328125 0.01933333333333333
0 0.57665625 0.6116458333333333 0.02390625 0.0234375
0 0.522953125 0.4283958333333333 0.022890625 0.02695833333333333
0 0.458984375 0.6556041666666667 0.017859375 0.024729166666666667
0 0.36571875 0.7649791666666667 0.020374999999999997 0.022208333333333333
0 0.704109375 0.3032291666666667 0.014171875 0.024458333333333335
0 0.411140625 0.8086041666666667 0.019453124999999998 0.020729166666666667
0 0.818359375 0.5462291666666667 0.012625 0.013666666666666666
0 0.42821875 0.5195416666666667 0.02059375 0.03147916666666666
0 0.35278125 0.42935416666666665 0.028218749999999997 0.035895833333333335
0 0.713375 0.5807291666666666 0.02253125 0.029666666666666668
0 0.5835 0.3636041666666667 0.012046875 0.016020833333333335
0 0.298578125 0.9761666666666666 0.089296875 0.04766666666666666
0 0.542 0.6738333333333333 0.01578125 0.015520833333333334
0 0.321046875 0.7558541666666667 0.05242187499999999 0.03741666666666667
0 0.6694375 0.5839791666666667 0.010906250000000001 0.013500000000000002
0 0.664546875 0.2915 0.028765625 0.03116666666666667
0 0.661140625 0.972 0.015421874999999998 0.022041666666666668
0 0.48901562500000006 0.5315833333333333 0.0225 0.029375
0 0.667 0.43685416666666665 0.01615625 0.023