0 0.508078125 0.4401875 0.031765625 0.03941666666666667
0 0.4765625 0.5295833333333333 0.026046875000000004 0.041124999999999995
0 0.482546875 0.6231458333333334 0.053640625 0.051166666666666666
0 0.44870312500000004 0.6613541666666667 0.0171875 0.030333333333333334
0 0.49584374999999997 0.46679166666666666 0.026609375 0.02325
0 0.45776562500000006 0.5917916666666667 0.02084375 0.02745833333333333
0 0.6850625 0.41210416666666666 0.070671875 0.05579166666666667
0 0.465828125 0.6181666666666668 0.026000000000000002 0.025416666666666664
0 0.5810625 0.5052083333333334 0.019984375 0.019104166666666665
0 0.6484375 0.4651666666666667 0.024046875000000002 0.04114583333333333
0 0.48364062499999994 0.48241666666666666 0.013125000000000001 0.0163125
0 0.50146875 0.5820416666666667 0.013328125 0.01875
0 0.49292187500000006 0.48372916666666665 0.03234375 0.03275