0 0.394921875 0.15585416666666668 0.068484375 0.07491666666666667
0 0.1433125 0.171875 0.02365625 0.026291666666666665
0 0.2366875 0.1678125 0.024796875 0.022041666666666668
0 0.103390625 0.16 0.024281249999999997 0.027687499999999997
0 0.31225 0.7304791666666667 0.029546875 0.027166666666666665
0 0.685546875 0.15510416666666668 0.020499999999999997 0.026895833333333334
0 0.629890625 0.6253333333333334 0.053015625 0.04883333333333333
0 0.2058125 0.3776041666666667 0.02215625 0.020479166666666666
0 0.0495 0.9362083333333333 0.021156249999999998 0.025062499999999998
0 0.47045312499999997 0.13566666666666669 0.018546874999999997 0.027895833333333335
0 0.31153125 0.7929791666666667 0.01578125 0.0183125
0 0.462890625 0.3489583333333333 0.011734375 0.01941666666666667
0 0.691890625 0.6292291666666666 0.045109375 0.057291666666666664
0 0.49048437500000003 0.9068958333333333 0.053984374999999994 0.07389583333333333
0 0.385984375 0.2765208333333333 0.017984375 0.02735416666666667
0 0.187375 0.28010416666666665 0.015609375 0.0195
0 0.469734375 0.7910208333333333 0.035890624999999995 0.05677083333333333
0 0.715828125 0.3463541666666667 0.013734374999999998 0.017104166666666667
0 0.65234375 0.7369791666666666 0.02271875 0.024395833333333335
0 0.358640625 0.6188125 0.021281249999999998 0.02664583333333333
0 0.276125 0.12077083333333333 0.018796874999999998 0.020958333333333336
0 0.508796875 0.47070833333333334 0.010609375 0.019874999999999997
0 0.45190625000000006 0.150875 0.018578125 0.021041666666666667
0 0.21240625 0.824875 0.01678125 0.017895833333333333
0 0.302 0.6305416666666667 0.022328124999999997 0.026291666666666665
0 0.950203125 0.7851666666666667 0.018375 0.029895833333333333
0 0.4663125 0.40299999999999997 0.010562499999999999 0.0135625
0 0.9223593749999999 0.8033958333333333 0.019640625000000002 0.03339583333333333
0 0.24474999999999997 0.2319375 0.020796875 0.018604166666666665
0 0.98340625 0.8886666666666667 0.01484375 0.020104166666666666
0 0.915046875 0.44466666666666665 0.017374999999999998 0.017708333333333333
0 0.585453125 0.17041666666666666 0.02071875 0.023625
0 0.328125 0.6445416666666667 0.02365625 0.025062499999999998
0 0.271234375 0.37533333333333335 0.017781250000000002 0.016958333333333336
0 0.965828125 0.5989583333333334 0.019234375 0.02425
0 0.09009375 0.317875 0.024703125 0.029437500000000002
0 0.710453125 0.2838541666666667 0.02390625 0.02645833333333333
0 0.791015625 0.24935416666666665 0.01490625 0.024645833333333332
0 0.2605 0.9433541666666667 0.019421874999999998 0.026354166666666668
0 0.175171875 0.40560416666666665 0.02590625 0.021875
0 0.618171875 0.9440208333333333 0.025750000000000002 0.0464375
0 0.75928125 0.18620833333333334 0.016015625 0.0195625
0 0.61571875 0.21289583333333334 0.02165625 0.028541666666666667
0 0.7421875 0.08529166666666667 0.017984375 0.021708333333333333
0 0.37915625 0.37825000000000003 0.012578125 0.015895833333333335
0 0.077203125 0.80925 0.01640625 0.01964583333333333
0 0.616703125 0.859375 0.015015625 0.0228125
0 0.1585625 0.12760416666666666 0.016593749999999997 0.018187500000000002
0 0.668953125 0.9459583333333333 0.026203125 0.04183333333333333
0 0.453609375 0.9485625 0.027015624999999998 0.050895833333333335
0 0.44434375 0.29118750000000004 0.02521875 0.03275
0 0.379890625 0.21908333333333332 0.0238125 0.034666666666666665
0 0.726078125 0.6214166666666666 0.026359375 0.03116666666666667
0 0.7233125 0.8877083333333334 0.16796875 0.09414583333333333
0 0.742453125 0.7323333333333333 0.06301562499999999 0.07162500000000001
0 0.766140625 0.624375 0.032296875 0.05708333333333333
0 0.858984375 0.8522708333333333 0.10078125 0.17608333333333331
0 0.409671875 0.25554166666666667 0.022890625 0.029249999999999998
0 0.8383749999999999 0.6679791666666667 0.058015625 0.05435416666666667
0 0.0280625 0.3310625 0.039859375 0.049770833333333334
0 0.6665 0.5341875 0.03634375 0.043708333333333335