0 0.353171875 0.44756250000000003 0.02996875 0.026979166666666665
0 0.45165625 0.45897916666666666 0.03790625 0.0248125
0 0.43432812500000006 0.5185625 0.022078125 0.035604166666666666
0 0.377203125 0.7128958333333333 0.026546874999999998 0.03658333333333333
0 0.8403281249999999 0.38183333333333336 0.025046875000000003 0.026895833333333334
0 0.379640625 0.5540416666666667 0.033203125 0.03835416666666667
0 0.477546875 0.6848958333333334 0.019453124999999998 0.031229166666666665
0 0.790046875 0.24870833333333334 0.02828125 0.03325
0 0.4165 0.65625 0.019015625 0.02420833333333333
0 0.623859375 0.5830208333333334 0.165484375 0.23045833333333335
0 0.8885781250000001 0.8145625 0.038093749999999996 0.051520833333333335