0 0.6381875 0.16960416666666667 0.019859375000000002 0.022916666666666665
0 0.265875 0.6132916666666667 0.033203125 0.033125
0 0.330078125 0.6396458333333332 0.034765625 0.04720833333333333
0 0.34765625 0.47754166666666664 0.030156250000000002 0.035270833333333335
0 0.328609375 0.2631875 0.014109374999999999 0.017833333333333333
0 0.43237500000000006 0.6836041666666667 0.027437499999999997 0.031875
0 0.387203125 0.7135416666666666 0.022078125 0.024729166666666667
0 0.432625 0.37956249999999997 0.050812500000000003 0.06822916666666666
0 0.31103125 0.2836875 0.030109375 0.040375
0 0.16821875 0.6321666666666667 0.023953125 0.0270625
0 0.5444375 0.470375 0.03409375 0.03820833333333333
0 0.981453125 0.08085416666666667 0.018484375 0.0199375
0 0.9838906250000001 0.19304166666666667 0.015187500000000001 0.017291666666666667
0 0.266109375 0.376625 0.018375 0.026479166666666668
0 0.98046875 0.029375 0.015671875 0.0195
0 0.3725625 0.7545625 0.0205625 0.026041666666666668
0 0.91796875 0.10562500000000001 0.012875000000000001 0.014416666666666666
0 0.377203125 0.2778333333333334 0.016015625 0.02272916666666667
0 0.590828125 0.4869791666666667 0.027687499999999997 0.027791666666666666
0 0.26465625 0.7018333333333333 0.0260625 0.024958333333333336
0 0.393796875 0.4156875 0.042328125 0.051187500000000004
0 0.10760937500000001 0.6920625 0.015296874999999998 0.016395833333333335
0 0.51709375 0.28125 0.01953125 0.021708333333333333
0 0.544921875 0.5185625 0.024046875000000002 0.0230625
0 0.335203125 0.5341875 0.014671875000000001 0.015395833333333333
0 0.348875 0.3237291666666666 0.026500000000000003 0.03885416666666666
0 0.374515625 0.25227083333333333 0.014109374999999999 0.021708333333333333
0 0.44775 0.7818958333333333 0.0171875 0.015708333333333335
0 0.73975 0.6149166666666667 0.013796875 0.014375
0 0.49973437499999995 0.4252708333333333 0.046359375 0.0859375
0 0.590890625 0.41225 0.0828125 0.08420833333333334
0 0.63525 0.4765625 0.04559375 0.04627083333333334
0 0.1375 0.8234791666666667 0.035421875000000005 0.042083333333333334
0 0.166265625 0.8326875 0.020890625 0.027416666666666666
0 0.18590625 0.8841249999999999 0.018546874999999997 0.03045833333333333
0 0.20934375 0.8118541666666667 0.015359375 0.020479166666666666
0 0.20885937499999999 0.6679791666666667 0.0195 0.01941666666666667
0 0.310796875 0.7135416666666666 0.018984375 0.01875
0 0.22326562499999997 0.6341249999999999 0.016718749999999998 0.018395833333333333
0 0.426765625 0.5052083333333334 0.021484375 0.02272916666666667
0 0.581546875 0.44727083333333334 0.017781250000000002 0.017562499999999998
0 0.31615625 0.5078125 0.01834375 0.015291666666666667
0 0.224609375 0.7252708333333333 0.024703125 0.0195
0 0.397703125 0.7454375 0.018015625 0.018041666666666668
0 0.620125 0.7350208333333333 0.012828125000000001 0.021791666666666668
0 0.322015625 0.7584583333333333 0.014109374999999999 0.016895833333333332
0 0.156734375 0.8756458333333333 0.03234375 0.05477083333333333
0 0.500484375 0.352875 0.01809375 0.02675
0 0.564453125 0.31835416666666666 0.029593750000000002 0.035812500000000004