0 0.162109375 0.439125 0.019265625 0.017166666666666667
0 0.36840625 0.6188125 0.10840625 0.13404166666666667
0 0.8403281249999999 0.7115833333333333 0.055203125 0.05677083333333333
0 0.191765625 0.4573541666666667 0.013796875 0.013604166666666667
0 0.710453125 0.27458333333333335 0.03396875 0.033499999999999995
0 0.166875 0.6617916666666667 0.020015625000000002 0.016125
0 0.87109375 0.28320833333333334 0.01578125 0.017708333333333333
0 0.875984375 0.39779166666666665 0.0225 0.02033333333333333
0 0.265875 0.6692708333333334 0.06384375 0.07360416666666666
0 0.694828125 0.3294375 0.065984375 0.059895833333333336
0 0.369875 0.5423125 0.012828125000000001 0.012687499999999999
0 0.13696875 0.37727083333333333 0.017984375 0.021125
0 0.3569375 0.5618541666666667 0.014234374999999999 0.013979166666666666
0 0.398921875 0.4935 0.047796875 0.05570833333333333
0 0.223390625 0.3502708333333333 0.029031249999999998 0.019708333333333335
0 0.673828125 0.40070833333333333 0.015953125000000002 0.026479166666666668
0 0.551265625 0.30843750000000003 0.01209375 0.013604166666666667
0 0.516609375 0.43977083333333333 0.012578125 0.015166666666666667
0 0.8315468750000001 0.31625000000000003 0.04803125 0.031875
0 0.715828125 0.4088541666666667 0.0468125 0.024958333333333336
0 0.666015625 0.27912499999999996 0.017374999999999998 0.016645833333333335
0 0.129390625 0.7636666666666667 0.0205625 0.017770833333333333
0 0.131953125 0.4921875 0.01234375 0.0149375
0 0.26465625 0.40560416666666665 0.015187500000000001 0.018125
0 0.077390625 0.7766875 0.016984375 0.016958333333333336
0 0.70459375 0.6155625 0.030921874999999998 0.041229166666666664
0 0.08209375 0.49445833333333333 0.01953125 0.021458333333333336
0 0.095890625 0.5442708333333334 0.015484375 0.015520833333333334
0 0.69140625 0.3737083333333333 0.039484375 0.0284375
0 0.260984375 0.23664583333333333 0.017859375 0.019708333333333335
0 0.586421875 0.3688125 0.014328125 0.0139375
0 0.8559531249999999 0.6214166666666666 0.016468749999999997 0.02033333333333333
0 0.88184375 0.31656249999999997 0.023703125 0.026395833333333334
0 0.110296875 0.651375 0.015609375 0.012854166666666667
0 0.517578125 0.46908333333333335 0.01065625 0.0119375
0 0.590328125 0.40722916666666664 0.0546875 0.050124999999999996
0 0.45092187499999997 0.3870416666666667 0.029921874999999997 0.029208333333333333
0 0.525875 0.43424999999999997 0.0305 0.0321875
0 0.08978125 0.6572291666666668 0.015671875 0.016645833333333335
0 0.823703125 0.3613958333333333 0.027609375000000002 0.02764583333333333
0 0.8881875000000001 0.3408125 0.01484375 0.020395833333333332
0 0.682125 0.370125 0.02303125 0.021875
0 0.8803750000000001 0.5458958333333332 0.011828125 0.019187500000000003
0 0.8149374999999999 0.6621041666666667 0.015359375 0.0240625
0 0.65771875 0.31135416666666665 0.012921875 0.011625
0 0.205078125 0.6223958333333334 0.03753125 0.05404166666666667
0 0.903328125 0.5761666666666667 0.028968749999999998 0.033