0 0.144796875 0.37595833333333334 0.05 0.05679166666666667
0 0.75146875 0.6370416666666666 0.026500000000000003 0.03685416666666667
0 0.6381875 0.6953125 0.03534375 0.04504166666666667
0 0.21496875000000001 0.5491458333333333 0.017515625 0.0208125
0 0.67578125 0.7552083333333334 0.019234375 0.017562499999999998
0 0.470703125 0.40625 0.015671875 0.022125
0 0.019265625 0.6764375 0.01678125 0.020479166666666666
0 0.41235937500000003 0.6442083333333334 0.03228125 0.060145833333333336
0 0.74365625 0.24658333333333332 0.0145625 0.019270833333333334
0 0.4506875 0.5859375 0.012968750000000001 0.01875
0 0.74365625 0.41439583333333335 0.022203125 0.02675
0 0.4585 0.06489583333333333 0.0314375 0.0414375
0 0.673828125 0.3968125 0.01840625 0.022041666666666668
0 0.16246875 0.4280625 0.022578124999999998 0.027520833333333335
0 0.791015625 0.35775 0.014328125 0.015645833333333335
0 0.270265625 0.5667291666666666 0.028546875 0.0328125
0 0.42603125000000003 0.5836666666666667 0.014734375 0.021708333333333333
0 0.793953125 0.45214583333333336 0.016921875 0.020895833333333332
0 0.4404375 0.39387500000000003 0.02784375 0.029249999999999998
0 0.595703125 0.36002083333333335 0.020453125 0.04097916666666667
0 0.064515625 0.29004166666666664 0.025671875 0.036708333333333336
0 0.45165625 0.2877708333333333 0.030328125 0.042895833333333334
0 0.367671875 0.42870833333333336 0.011921875 0.017166666666666667
0 0.22168749999999998 0.5058541666666667 0.00959375 0.015520833333333334
0 0.35571875 0.3473333333333333 0.043703124999999995 0.04658333333333333
0 0.41137499999999994 0.3299166666666667 0.030375000000000003 0.043625000000000004
0 0.61621875 0.0788125 0.027484375 0.031229166666666665
0 0.923828125 0.24706250000000002 0.01640625 0.020895833333333332
0 0.253421875 0.271 0.0140625 0.018125
0 0.6743125 0.44727083333333334 0.031734374999999995 0.03989583333333333
0 0.568359375 0.19775 0.009671875 0.020958333333333336
0 0.710453125 0.7981874999999999 0.01578125 0.018187500000000002
0 0.340578125 0.17024999999999998 0.03278125 0.03770833333333334
0 0.24743750000000003 0.33691666666666664 0.030156250000000002 0.03858333333333333
0 0.295171875 0.23731249999999998 0.028765625 0.0356875
0 0.388421875 0.14029166666666668 0.047515625 0.04858333333333333
0 0.333734375 0.7740833333333333 0.012828125000000001 0.015000000000000001
0 0.45678124999999997 0.22183333333333335 0.017046875 0.027416666666666666
0 0.28271875 0.41210416666666666 0.02484375 0.030520833333333334
0 0.544921875 0.5110625 0.03409375 0.06254166666666666
0 0.41771874999999997 0.7122499999999999 0.029984375 0.048749999999999995
0 0.5131875 0.7434999999999999 0.009421875 0.014208333333333333
0 0.580078125 0.48372916666666665 0.046203125 0.06266666666666666
0 0.08465625 0.3450625 0.015296874999999998 0.016458333333333335
0 0.8198281250000001 0.7135416666666666 0.012828125000000001 0.017229166666666667
0 0.262203125 0.220875 0.022203125 0.03325
0 0.649609375 0.519 0.18203125 0.20395833333333335