0 0.42135937500000004 0.5236041666666666 0.080203125 0.1
0 0.365625 0.23610416666666667 0.01875 0.022229166666666668
0 0.4484375 0.8201458333333334 0.030203124999999997 0.048604166666666664
0 0.533859375 0.6777708333333333 0.023953125 0.0305625
0 0.559890625 0.6645833333333333 0.013546875 0.029166666666666667
0 0.52196875 0.178875 0.022421875 0.021708333333333333
0 0.4921875 0.15145833333333333 0.0268125 0.030354166666666668
0 0.338140625 0.20345833333333332 0.015609375 0.029541666666666667
0 0.43115625 0.446625 0.015671875 0.017291666666666667
0 0.52734375 0.14370833333333335 0.02225 0.025458333333333336
0 0.46606249999999994 0.7818958333333333 0.01115625 0.021125
0 0.508296875 0.20458333333333334 0.015421874999999998 0.015958333333333335
0 0.53515625 0.21841666666666668 0.023109374999999998 0.020395833333333332
0 0.41967187499999997 0.307625 0.02590625 0.033625
0 0.77490625 0.40168750000000003 0.030953124999999998 0.021708333333333333
0 0.5341875 0.390625 0.076421875 0.10539583333333334
0 0.687984375 0.34570833333333334 0.059421875 0.0545625
0 0.327390625 0.14395833333333333 0.029640624999999997 0.028479166666666667
0 0.54540625 0.3299166666666667 0.02753125 0.03141666666666667
0 0.750484375 0.34310416666666665 0.06409375 0.035333333333333335
0 0.51075 0.5113958333333334 0.013015625 0.015333333333333334
0 0.860359375 0.8352916666666667 0.10821875 0.11572916666666666