0 0.49167187500000004 0.5528333333333334 0.066671875 0.08066666666666666
0 0.58371875 0.1289375 0.034640625 0.059250000000000004
0 0.476078125 0.16910416666666667 0.02409375 0.041666666666666664
0 0.543453125 0.12964583333333332 0.01609375 0.0331875
0 0.567875 0.21972916666666667 0.028968749999999998 0.034166666666666665
0 0.875984375 0.6809999999999999 0.166140625 0.20377083333333335
0 0.3830625 0.7181041666666667 0.023109374999999998 0.028770833333333336
0 0.0885 0.19091666666666668 0.07079687500000001 0.099375
0 0.39428125 0.7643333333333333 0.0468125 0.06147916666666667
0 0.42725 0.19693750000000002 0.068421875 0.13614583333333333
0 0.396734375 0.5247499999999999 0.0936875 0.0828125
0 0.8515625 0.14908333333333335 0.0626875 0.06989583333333332
0 0.578609375 0.3408125 0.03359375 0.05366666666666667
0 0.42407812500000003 0.1731875 0.029421874999999997 0.03389583333333333
0 0.6123125 0.49022916666666666 0.0270625 0.06229166666666666
0 0.161984375 0.5875625 0.032718750000000005 0.06372916666666667
0 0.63671875 0.39975 0.029875000000000002 0.07429166666666666
0 0.49584374999999997 0.1535625 0.030046875 0.02625
0 0.60303125 0.5318958333333333 0.0189375 0.040749999999999995