0 0.2004375 0.10391666666666667 0.064640625 0.06372916666666667
0 0.42846875000000006 0.2631875 0.0205625 0.0238125
0 0.6430625 0.5488333333333333 0.01653125 0.0208125
0 0.732421875 0.2955833333333333 0.020171875 0.0245
0 0.77490625 0.24577083333333333 0.01328125 0.018458333333333334
0 0.4609375 0.49935416666666665 0.03628125 0.0289375
0 0.75684375 0.4023541666666667 0.060640625000000004 0.032625
0 0.4404375 0.5976666666666667 0.0171875 0.017770833333333333
0 0.519046875 0.9036458333333334 0.02271875 0.02802083333333333
0 0.46704687500000003 0.41633333333333333 0.04409375 0.03685416666666667
0 0.766609375 0.19189583333333332 0.01584375 0.016833333333333332
0 0.395015625 0.08977083333333334 0.012296875 0.014750000000000001
0 0.63134375 0.39779166666666665 0.011203125 0.013250000000000001
0 0.432125 0.45345833333333335 0.02446875 0.01904166666666667
0 0.46410937499999994 0.3671875 0.026968750000000003 0.03502083333333333
0 0.49853125 0.5042291666666666 0.027171875 0.024916666666666667
0 0.57665625 0.4713541666666667 0.011546875 0.017020833333333332
0 0.636234375 0.9362083333333333 0.0140625 0.020104166666666666
0 0.18359375 0.1169375 0.01353125 0.014375
0 0.173703125 0.068 0.02025 0.020395833333333332
0 0.32275 0.31656249999999997 0.01178125 0.013604166666666667
0 0.091859375 0.11735416666666666 0.013796875 0.013875
0 0.978515625 0.12964583333333332 0.01815625 0.02264583333333333
0 0.8090781249999999 0.4739583333333333 0.009375 0.012604166666666666
0 0.090390625 0.6285833333333334 0.011734375 0.016125
0 0.2915 0.018979166666666665 0.017859375 0.019708333333333335
0 0.155515625 0.09439583333333333 0.014171875 0.0135625
0 0.076296875 0.142 0.012875000000000001 0.017625000000000002
0 0.966796875 0.10220833333333333 0.01328125 0.0175
0 0.452171875 0.5647291666666666 0.03315625 0.04639583333333333
0 0.6615 0.7581249999999999 0.02046875 0.029416666666666664
0 0.4795 0.33366666666666667 0.012140624999999999 0.014708333333333332
0 0.704109375 0.9088541666666666 0.01428125 0.03116666666666667
0 0.64990625 0.903 0.010859375000000001 0.016708333333333332
0 0.4921875 0.5628333333333334 0.029484375 0.0261875
0 0.505375 0.6321666666666667 0.040531250000000005 0.03820833333333333
0 0.9750937499999999 0.5712916666666668 0.01590625 0.013458333333333333
0 0.536140625 0.5839791666666667 0.012875000000000001 0.014375
0 0.516109375 0.6035208333333333 0.028875 0.0238125
0 0.64453125 0.22754166666666667 0.010859375000000001 0.010541666666666666
0 0.5444375 0.36783333333333335 0.010781250000000001 0.0253125
0 0.64453125 0.8496041666666667 0.0110625 0.016895833333333332
0 0.67821875 0.9049583333333333 0.011203125 0.0238125
0 0.500984375 0.5266875 0.01209375 0.0131875