0 0.3674375 0.477875 0.02365625 0.03141666666666667
0 0.47876562500000003 0.6894583333333333 0.02521875 0.03877083333333333
0 0.57325 0.5914791666666667 0.037390625 0.03820833333333333
0 0.16895312499999998 0.5257083333333333 0.013328125 0.019791666666666666
0 0.391609375 0.8391875 0.015187500000000001 0.01964583333333333
0 0.382078125 0.5905 0.023234374999999998 0.032
0 0.332515625 0.6197916666666666 0.044765624999999996 0.14454166666666665
0 0.3984375 0.2044375 0.021578125 0.021458333333333336
0 0.293453125 0.3792291666666667 0.01584375 0.018541666666666668
0 0.5336875 0.5384166666666667 0.03259375 0.050708333333333334
0 0.24634375 0.6123125 0.03021875 0.0444375
0 0.2680625 0.35872916666666665 0.017515625 0.021208333333333333
0 0.3620625 0.26545833333333335 0.0315 0.028270833333333335
0 0.442390625 0.6464791666666667 0.0145625 0.021625000000000002
0 0.3776875 0.6663333333333333 0.012921875 0.017895833333333333
0 0.47290625000000003 0.6360625 0.01628125 0.0283125
0 0.138796875 0.6888124999999999 0.03228125 0.041229166666666664
0 0.72021875 0.6464791666666667 0.014953125000000001 0.018041666666666668
0 0.446296875 0.9681041666666667 0.020140625000000002 0.02685416666666667
0 0.6665 0.8515625 0.01353125 0.016958333333333336
0 0.45239062499999994 0.3012708333333334 0.015421874999999998 0.017354166666666667
0 0.388921875 0.09252083333333333 0.025859375 0.02335416666666667
0 0.46068749999999997 0.7200624999999999 0.011546875 0.015708333333333335
0 0.145875 0.41341666666666665 0.015671875 0.016708333333333332
0 0.146484375 0.7845 0.19409375 0.21191666666666667
0 0.638671875 0.8743541666666667 0.013953125 0.0163125
0 0.409671875 0.949875 0.0468125 0.09025
0 0.56396875 0.7871041666666667 0.02521875 0.05579166666666667
0 0.247796875 0.6744791666666666 0.0219375 0.031229166666666665
0 0.50928125 0.7122499999999999 0.025171875 0.0348125
0 0.217046875 0.442375 0.036984375 0.03966666666666666
0 0.262203125 0.45475 0.054203125 0.058604166666666666
0 0.3410625 0.421875 0.0108125 0.014208333333333333
0 0.49853125 0.7962291666666667 0.014171875 0.034666666666666665
0 0.539546875 0.8658958333333333 0.044187500000000005 0.15437499999999998
0 0.535640625 0.7955833333333333 0.018484375 0.021041666666666667
0 0.025750000000000002 0.5472083333333334 0.0205625 0.030708333333333334
0 0.178953125 0.33820833333333333 0.011203125 0.014083333333333333
0 0.59375 0.6240208333333332 0.010374999999999999 0.0149375
0 0.39428125 0.6822916666666666 0.016718749999999998 0.0175
0 0.414546875 0.37695833333333334 0.0121875 0.016833333333333332
0 0.337890625 0.9114583333333334 0.013593749999999998 0.024729166666666667
0 0.377203125 0.6363958333333334 0.01590625 0.025458333333333336
0 0.492671875 0.43814583333333335 0.011734375 0.015395833333333333
0 0.275640625 0.18456250000000002 0.02178125 0.022916666666666665
0 0.68115625 0.606125 0.0121875 0.014479166666666666
0 0.048671874999999996 0.7024791666666667 0.04553125 0.07608333333333334
0 0.419921875 0.2635 0.014671875000000001 0.01875
0 0.713875 0.6071041666666667 0.011734375 0.015458333333333333
0 0.2893125 0.6979166666666666 0.058234375000000005 0.08764583333333334
0 0.542484375 0.7181041666666667 0.010484375 0.014541666666666668
0 0.477046875 0.9511666666666667 0.010781250000000001 0.016958333333333336
0 0.340828125 0.7389375 0.034234375 0.06002083333333333
0 0.268484375 0.5441666666666667 0.052609375 0.07029166666666667
0 0.21237499999999998 0.5077291666666667 0.041921875 0.046
0 0.133296875 0.470375 0.0614375 0.05529166666666666