0 0.49973437499999995 0.12372916666666667 0.025515624999999997 0.05579166666666667
0 0.46948437500000006 0.24185416666666668 0.0280625 0.05529166666666666
0 0.509765625 0.078375 0.020640625000000003 0.03333333333333333
0 0.45678124999999997 0.28320833333333334 0.024796875 0.032625
0 0.47925000000000006 0.18391666666666667 0.033078125 0.0544375
0 0.4873125 0.3893333333333333 0.056859375000000004 0.06660416666666666
0 0.45239062499999994 0.5195416666666667 0.05109375000000001 0.06860416666666666
0 0.44896874999999997 0.59375 0.064640625 0.0828125
0 0.9164999999999999 0.16 0.01665625 0.021270833333333336
0 0.41576562499999997 0.7200624999999999 0.082828125 0.09912499999999999
0 0.46020312499999994 0.45866666666666667 0.038390625 0.051604166666666666
0 0.729 0.09741666666666667 0.03253125 0.040375
0 0.49903125 0.7037708333333333 0.04328125 0.065875
0 0.965828125 0.07308333333333333 0.033078125 0.05477083333333333
0 0.562984375 0.03966666666666666 0.031140624999999998 0.060333333333333336
0 0.470703125 0.6542916666666667 0.037328125000000004 0.05510416666666666
0 0.525390625 0.7695416666666667 0.014671875000000001 0.022041666666666668
0 0.943359375 0.1143125 0.11328125 0.22447916666666667
0 0.49375 0.7912083333333333 0.08125 0.10947916666666666