0 0.46926562499999996 0.4624166666666667 0.032296875 0.06995833333333333
0 0.312984375 0.8971458333333333 0.016921875 0.024541666666666666
0 0.76415625 0.3172291666666667 0.024703125 0.035333333333333335
0 0.4038125 0.29474999999999996 0.027437499999999997 0.06347916666666667
0 0.8813437499999999 0.8847708333333333 0.014390625 0.016708333333333332
0 0.47631249999999997 0.3238958333333333 0.01525 0.027416666666666666
0 0.632328125 0.17447916666666666 0.012968750000000001 0.02625
0 0.54540625 0.75 0.010781250000000001 0.017291666666666667
0 0.44946875000000003 0.5247499999999999 0.01428125 0.021208333333333333
0 0.474125 0.35872916666666665 0.012375 0.01904166666666667
0 0.08228125 0.04739583333333333 0.01590625 0.017708333333333333
0 0.49121875 0.40429166666666666 0.01634375 0.020104166666666666
0 0.684578125 0.20816666666666667 0.015296874999999998 0.02033333333333333
0 0.47778124999999994 0.29020833333333335 0.0121875 0.021541666666666667
0 0.35815625 0.9068958333333333 0.03390625 0.04066666666666666
0 0.73828125 0.28970833333333335 0.02175 0.025791666666666668
0 0.838875 0.2781666666666667 0.029249999999999998 0.04658333333333333
0 0.76171875 0.18554166666666666 0.012875000000000001 0.016125
0 0.5546875 0.44335416666666666 0.014953125000000001 0.0266875
0 0.5234375 0.6168541666666666 0.011109375000000001 0.018187500000000002