0 0.44457812499999994 0.47070833333333334 0.012140624999999999 0.015958333333333335
0 0.390875 0.6035208333333333 0.01953125 0.03147916666666666
0 0.76025 0.48210416666666667 0.01615625 0.0183125
0 0.70703125 0.2939375 0.02484375 0.018041666666666668
0 0.60059375 0.3815208333333333 0.022578124999999998 0.029145833333333333
0 0.4296875 0.05835416666666667 0.01578125 0.022291666666666664
0 0.381109375 0.7155 0.01125 0.013604166666666667
0 0.45215625 0.6246666666666666 0.010015625 0.018979166666666665
0 0.463875 0.5198541666666666 0.019453124999999998 0.026083333333333333
0 0.5625 0.36522916666666666 0.009453125 0.012895833333333334
0 0.591796875 0.36164583333333333 0.012875000000000001 0.02002083333333333
0 0.45728125000000003 0.3955 0.014734375 0.016020833333333335
0 0.482421875 0.3870416666666667 0.014953125000000001 0.0149375
0 0.3359375 0.526375 0.013218750000000001 0.014479166666666666
0 0.57665625 0.4501875 0.010703124999999999 0.014270833333333333
0 0.3984375 0.2967083333333333 0.012921875 0.012958333333333332
0 0.442390625 0.63575 0.01103125 0.016395833333333335
0 0.666015625 0.2983333333333333 0.013218750000000001 0.013250000000000001
0 0.332515625 0.7083333333333334 0.01209375 0.017229166666666667
0 0.30371875 0.8040416666666667 0.010703124999999999 0.020104166666666666
0 0.68115625 0.9283958333333333 0.12128125000000001 0.13785416666666667
0 0.318609375 0.7630208333333334 0.00996875 0.012791666666666666
0 0.562984375 0.4544375 0.01115625 0.014270833333333333
0 0.470703125 0.15812500000000002 0.013796875 0.017354166666666667
0 0.687015625 0.28710416666666666 0.017374999999999998 0.013250000000000001
0 0.783203125 0.13499999999999998 0.012234375 0.014541666666666668
0 0.364984375 0.6565833333333334 0.011421875 0.013291666666666667
0 0.315671875 0.6875 0.011828125 0.0125625
0 0.317625 0.81575 0.01103125 0.0195625
0 0.482421875 0.36783333333333335 0.015671875 0.013833333333333333
0 0.765625 0.5042291666666666 0.010015625 0.012208333333333333
0 0.24584375 0.4795 0.013484375000000002 0.013145833333333332
0 0.559078125 0.7018333333333333 0.009859375 0.011625
0 0.48754687499999994 0.5520833333333334 0.012921875 0.01175
0 0.715328125 0.7519583333333333 0.012421875 0.022458333333333334