0 0.39909374999999997 0.5259375 0.087234375 0.1900625
0 0.641671875 0.5717708333333333 0.2 0.14283333333333334
0 0.455859375 0.3610416666666667 0.054953125000000005 0.10333333333333333
0 0.4264375 0.28639583333333335 0.04296875 0.07210416666666666
0 0.22204687500000003 0.4417291666666667 0.023765625000000002 0.035541666666666666
0 0.452078125 0.6134375 0.05 0.03172916666666667
0 0.2326875 0.6740208333333333 0.040890625 0.06608333333333333
0 0.50390625 0.150875 0.016593749999999997 0.024354166666666666
0 0.137578125 0.244625 0.018578125 0.023
0 0.371828125 0.3658958333333333 0.013953125 0.025729166666666668
0 0.26075 0.62825 0.018687500000000003 0.0266875