0 0.40746874999999994 0.7877708333333333 0.019265625 0.021958333333333333
0 0.39478125 0.9264375 0.013484375000000002 0.0225625
0 0.57715625 0.7148541666666667 0.012234375 0.020479166666666666
0 0.63671875 0.7604166666666666 0.0130625 0.020958333333333336
0 0.5835 0.6705833333333333 0.01490625 0.024854166666666667
0 0.527828125 0.6197916666666666 0.01484375 0.019708333333333335
0 0.265140625 0.5110625 0.0121875 0.017416666666666667
0 0.43359375 0.7649791666666667 0.025124999999999998 0.027125
0 0.43115625 0.7265625 0.019421874999999998 0.020729166666666667
0 0.49609375 0.6744791666666666 0.012015625 0.02033333333333333
0 0.5498125 0.9602916666666667 0.017296875 0.029145833333333333
0 0.83203125 0.5276666666666666 0.015296874999999998 0.014270833333333333
0 0.48364062499999994 0.9635416666666666 0.016015625 0.0234375
0 0.56153125 0.8144583333333333 0.026765624999999998 0.03395833333333333
0 0.50684375 0.6927083333333334 0.01353125 0.019104166666666665
0 0.49048437500000003 0.8457083333333333 0.011640625 0.016395833333333335
0 0.45434374999999994 0.3160833333333333 0.01178125 0.016708333333333332
0 0.735359375 0.432625 0.010781250000000001 0.014041666666666668
0 0.665234375 0.2936666666666667 0.067453125 0.19079166666666666