0 0.129265625 0.4557291666666667 0.030859375 0.02795833333333333
0 0.609375 0.5026041666666666 0.05645312500000001 0.050812500000000003
0 0.59375 0.6946666666666667 0.04534375 0.05216666666666667
0 0.33740625 0.32877083333333335 0.049953125 0.065625
0 0.3205625 0.5221458333333333 0.107421875 0.09985416666666666
0 0.9887656249999999 0.17122916666666665 0.01665625 0.026354166666666668
0 0.729 0.44825 0.0350625 0.02722916666666667
0 0.789546875 0.4104791666666667 0.030671874999999998 0.019187500000000003
0 0.21984374999999998 0.5006458333333333 0.050328125 0.042895833333333334
0 0.464359375 0.4723333333333333 0.09875 0.08341666666666667
0 0.44896874999999997 0.3112083333333333 0.026546874999999998 0.04191666666666667
0 0.700203125 0.6243541666666667 0.03359375 0.034874999999999996
0 0.556640625 0.4567083333333333 0.04690625 0.060708333333333336