0 0.4333125 0.4093333333333333 0.0338125 0.051270833333333335
0 0.6213124999999999 0.5350625 0.030515625 0.041625
0 0.46876562499999996 0.452625 0.030515625 0.030645833333333334
0 0.46753125000000006 0.40439583333333334 0.019796875 0.04139583333333333
0 0.5511250000000001 0.4985 0.090078125 0.17189583333333333
0 0.8110468750000001 0.1373125 0.013875000000000002 0.0145625
0 0.841921875 0.2573333333333333 0.048765625 0.04883333333333333
0 0.926140625 0.0778125 0.0896875 0.08345833333333334
0 0.9557656250000001 0.36945833333333333 0.0483125 0.058333333333333334
0 0.9123749999999999 0.18458333333333332 0.09573437500000001 0.08224999999999999
0 0.84528125 0.18620833333333334 0.033109375 0.06464583333333333
0 0.98203125 0.23616666666666666 0.035953125 0.13172916666666665
0 0.890453125 0.26747916666666666 0.042953124999999995 0.06910416666666667
0 0.874796875 0.340375 0.056359375 0.033