0 0.24817187500000001 0.17354166666666665 0.084890625 0.0755625
0 0.651859375 0.15991666666666668 0.11596875 0.13329166666666667
0 0.34790625 0.17985416666666668 0.03378125 0.051479166666666666
0 0.778328125 0.16089583333333335 0.03528125 0.08341666666666667
0 0.935546875 0.12402083333333333 0.040015625 0.041749999999999995
0 0.41796875 0.2768541666666666 0.22815625 0.31818749999999996
0 0.031796875 0.47331249999999997 0.02109375 0.025458333333333336
0 0.18725 0.44564583333333335 0.160765625 0.1575625
0 0.44360937500000003 0.23925000000000002 0.08820312500000001 0.07983333333333334
0 0.353515625 0.3219375 0.01484375 0.01964583333333333
0 0.523921875 0.5696666666666667 0.0495 0.044875