0 0.4038125 0.2643333333333333 0.012718750000000001 0.0160625
0 0.1851875 0.6305416666666667 0.055937499999999994 0.0595625
0 0.381109375 0.7701875 0.062921875 0.04589583333333334
0 0.12335937500000001 0.3737083333333333 0.0235625 0.023
0 0.14684375 0.36752083333333335 0.01584375 0.019187500000000003
0 0.6591875 0.7701875 0.05865625 0.1595
0 0.4453125 0.6836041666666667 0.01103125 0.015166666666666667
0 0.5024375 0.26366666666666666 0.019453124999999998 0.035333333333333335
0 0.40356249999999994 0.8235625 0.012296875 0.015000000000000001
0 0.006671874999999999 0.5950624999999999 0.011828125 0.014812500000000001
0 0.679203125 0.40299999999999997 0.0171875 0.013000000000000001
0 0.12878125 0.5227916666666667 0.01146875 0.011625
0 0.05371875 0.560875 0.037390625 0.030000000000000002
0 0.272703125 0.8548125 0.01990625 0.0175
0 0.21667187499999999 0.3476666666666667 0.013640625 0.018666666666666668
0 0.617671875 0.6653749999999999 0.072390625 0.146
0 0.65528125 0.3476666666666667 0.014453125 0.014812500000000001
0 0.62646875 0.37304166666666666 0.01984375 0.021270833333333336
0 0.26465625 0.6194583333333333 0.06118749999999999 0.05314583333333334
0 0.49731249999999994 0.7897083333333333 0.086609375 0.07002083333333334
0 0.57715625 0.6595 0.080203125 0.17789583333333334
0 0.152828125 0.4739583333333333 0.014953125000000001 0.015000000000000001
0 0.9858437500000001 0.3685 0.012296875 0.018979166666666665
0 0.426265625 0.9492291666666667 0.011734375 0.015708333333333335
0 0.198484375 0.9746041666666667 0.012625 0.0160625
0 0.163328125 0.5286458333333334 0.021578125 0.020895833333333332
0 0.680671875 0.5738958333333334 0.013328125 0.016125
0 0.578609375 0.5703125 0.05996875 0.06514583333333333
0 0.029703125000000004 0.9453125 0.013015625 0.015062500000000001
0 0.34228125 0.8554791666666667 0.013796875 0.018541666666666668
0 0.9453125 0.13614583333333333 0.10053125 0.15510416666666668
0 0.9116250000000001 0.8730416666666667 0.168578125 0.24202083333333332
0 0.861265625 0.6270625 0.026265624999999997 0.027708333333333335
0 0.9430624999999999 0.5938125 0.049640625 0.06808333333333333
0 0.438484375 0.8580833333333333 0.015015625 0.0225625
0 0.298578125 0.4957708333333333 0.019796875 0.020645833333333332
0 0.43115625 0.5761666666666667 0.030375000000000003 0.018541666666666668
0 0.2580625 0.9902291666666667 0.02025 0.01954166666666667
0 0.5234375 0.9303333333333333 0.044765624999999996 0.05264583333333333