0 0.396484375 0.651375 0.04321875 0.041666666666666664
0 0.47559375 0.3551458333333333 0.03615625 0.0444375
0 0.413578125 0.60775 0.015421874999999998 0.017291666666666667
0 0.32690625 0.63575 0.017046875 0.026479166666666668
0 0.29175 0.62175 0.014499999999999999 0.016770833333333336
0 0.72509375 0.38314583333333335 0.012875000000000001 0.0225625
0 0.4399375 0.5833333333333334 0.0136875 0.017104166666666667
0 0.373046875 0.2351875 0.038171875 0.0348125
0 0.61590625 0.22149999999999997 0.0556875 0.07104166666666667
0 0.551984375 0.2075 0.04715625 0.050604166666666665
0 0.48167187499999997 0.2557916666666667 0.017328125 0.014604166666666666
0 0.834375 0.04652083333333333 0.07784375 0.06954166666666667
0 0.701703125 0.3198125 0.045453125 0.08962500000000001
0 0.678984375 0.3529583333333333 0.045453125 0.06879166666666667
0 0.525875 0.2825625 0.019984375 0.027416666666666666
0 0.397953125 0.32243750000000004 0.016921875 0.022291666666666664
0 0.57325 0.3398541666666667 0.009515625 0.013083333333333334
0 0.47778124999999994 0.3064791666666667 0.01571875 0.020104166666666666
0 0.77978125 0.17333333333333334 0.012875000000000001 0.019874999999999997
0 0.34278125 0.3177083333333333 0.011328125 0.013833333333333333
0 0.55859375 0.10002083333333332 0.009515625 0.013666666666666666
0 0.46264062499999997 0.7226666666666667 0.009859375 0.012750000000000001
0 0.746578125 0.19758333333333333 0.029921874999999997 0.057937499999999996
0 0.43653125 0.338875 0.019296874999999998 0.0195
0 0.30590625 0.38866666666666666 0.02284375 0.03147916666666666
0 0.667 0.014145833333333333 0.038171875 0.026791666666666665
0 0.793453125 0.2421875 0.012296875 0.014145833333333333
0 0.45434374999999994 0.26529166666666665 0.013375000000000001 0.017020833333333332
0 0.5415 0.32975 0.02759375 0.024645833333333332
0 0.26709375 0.7441458333333333 0.026921875 0.04410416666666667
0 0.700203125 0.4257916666666667 0.017515625 0.0404375
0 0.55321875 0.6927083333333334 0.01009375 0.012083333333333333
0 0.3435 0.2651458333333333 0.0130625 0.015958333333333335
0 0.8154375 0.06527083333333333 0.038328125000000005 0.04152083333333333
0 0.357671875 0.4795 0.009890625 0.013666666666666666
0 0.3566875 0.37533333333333335 0.0110625 0.014875
0 0.780765625 0.15039583333333334 0.0099375 0.012458333333333333
0 0.66553125 0.5446041666666667 0.010609375 0.011791666666666667
0 0.353515625 0.51725 0.031734374999999995 0.04066666666666666
0 0.328375 0.5849583333333332 0.05242187499999999 0.026895833333333334
0 0.617671875 0.04029166666666666 0.010609375 0.0139375
0 0.21253125 0.8567708333333334 0.0205625 0.0230625
0 0.491703125 0.7591249999999999 0.0108125 0.0165
0 0.8735312499999999 0.9199166666666667 0.046484375 0.030708333333333334