0 0.41723437499999994 0.43002083333333335 0.0171875 0.021875
0 0.30346875 0.6318333333333332 0.029078125 0.03747916666666666
0 0.453609375 0.6074166666666667 0.0315 0.03827083333333334
0 0.393796875 0.4114583333333333 0.017906250000000002 0.0225625
0 0.6538125 0.3707708333333333 0.019015625 0.0328125
0 0.599125 0.4280625 0.025718750000000002 0.034333333333333334
0 0.46509375000000003 0.3880208333333333 0.03259375 0.04114583333333333
0 0.658203125 0.7200624999999999 0.031671875 0.024729166666666667
0 0.11456249999999998 0.9681041666666667 0.01815625 0.023166666666666665
0 0.33228125 0.5800833333333333 0.014109374999999999 0.016708333333333332
0 0.51709375 0.30874999999999997 0.035953125 0.0444375
0 0.40942187499999994 0.5146458333333334 0.0378125 0.04939583333333333
0 0.841796875 0.5257083333333333 0.027687499999999997 0.044270833333333336
0 0.42725 0.36816666666666664 0.02859375 0.042979166666666666
0 0.65234375 0.44727083333333334 0.03371875 0.048374999999999994
0 0.684578125 0.5960208333333333 0.019796875 0.028874999999999998
0 0.67090625 0.831375 0.0145625 0.023
0 0.659671875 0.5237708333333333 0.012625 0.016645833333333335
0 0.645515625 0.5794374999999999 0.03790625 0.042083333333333334
0 0.826171875 0.41960416666666667 0.034703125 0.044187500000000005
0 0.370609375 0.7910208333333333 0.022328124999999997 0.028166666666666666
0 0.836921875 0.19222916666666665 0.037109375 0.03945833333333334
0 0.567875 0.50325 0.030859375 0.040749999999999995
0 0.11517187499999999 0.022125 0.015484375 0.024687499999999998
0 0.645015625 0.19547916666666668 0.039125 0.05264583333333333
0 0.369390625 0.5068333333333334 0.013015625 0.014812500000000001
0 0.24096875 0.03402083333333333 0.0171875 0.022291666666666664
0 0.20678125 0.5234375 0.02021875 0.021958333333333333
0 0.28131249999999997 0.566625 0.057828124999999994 0.07725
0 0.54296875 0.5214791666666667 0.061890625 0.059812500000000005
0 0.442390625 0.8138124999999999 0.04271875 0.05335416666666667
0 0.625 0.9075624999999999 0.03934375 0.0788125
0 0.60790625 0.5013124999999999 0.037203125 0.05404166666666667
0 0.9243124999999999 0.9609375 0.03775 0.04777083333333333
0 0.6171875 0.6246666666666666 0.036078125 0.06404166666666666
0 0.1849375 0.45279166666666665 0.029203125000000003 0.042
0 0.794484375 0.7134375 0.050890625 0.08664583333333334