0 0.9563750000000001 0.07810416666666667 0.045578125000000004 0.051333333333333335
0 0.334890625 0.18016666666666667 0.023953125 0.03325
0 0.287109375 0.16697916666666668 0.01953125 0.02075
0 0.7596406250000001 0.13172916666666665 0.0453125 0.04402083333333333
0 0.7537812500000001 0.168875 0.02578125 0.02804166666666667
0 0.916140625 0.2843125 0.030203124999999997 0.03320833333333333
0 0.7703125 0.2933541666666667 0.019796875 0.0235
0 0.734890625 0.6386041666666666 0.021875 0.030000000000000002
0 0.653390625 0.7849375 0.0203125 0.034458333333333334
0 0.95703125 0.06822916666666666 0.048765625 0.03720833333333333
0 0.92871875 0.27912499999999996 0.04840625 0.03333333333333333
0 0.2893125 0.4401041666666667 0.01484375 0.016708333333333332
0 0.458859375 0.6950208333333333 0.011453125 0.02822916666666667
0 0.4585 0.6933541666666667 0.0171875 0.021041666666666667
0 0.45092187499999997 0.6533125 0.01571875 0.019791666666666666
0 0.410640625 0.5803958333333333 0.014781250000000001 0.0188125
0 0.397953125 0.550125 0.014328125 0.016708333333333332
0 0.6069375 0.629875 0.016843749999999998 0.019791666666666666
0 0.374734375 0.7349374999999999 0.015109375 0.03170833333333333