0 0.6139375 0.5071875 0.022140625 0.0275625
0 0.315671875 0.5895208333333334 0.027218750000000003 0.042479166666666665
0 0.38525 0.7083333333333334 0.023765625000000002 0.0335625
0 0.82325 0.4020208333333333 0.025718750000000002 0.023979166666666666
0 0.539546875 0.5250625 0.030921874999999998 0.0460625
0 0.306640625 0.6966249999999999 0.023078124999999998 0.0248125
0 0.413578125 0.8300833333333333 0.017374999999999998 0.0370625
0 0.69434375 0.48404166666666665 0.01125 0.012750000000000001
0 0.458984375 0.11410416666666667 0.029640624999999997 0.03827083333333334
0 0.339359375 0.48502083333333335 0.036625000000000005 0.04029166666666666
0 0.660640625 0.3086041666666667 0.015125 0.015291666666666667
0 0.369390625 0.8723958333333334 0.014671875000000001 0.017354166666666667
0 0.0219375 0.28581249999999997 0.015296874999999998 0.021625000000000002
0 0.6796875 0.4583333333333333 0.009015625 0.011166666666666667
0 0.33446875 0.4075625 0.018515625 0.013354166666666667
0 0.347171875 0.514 0.038234375 0.076375