0 0.49406249999999996 0.4905 0.0335625 0.0715625
0 0.44384375 0.5273541666666667 0.023859375 0.0330625
0 0.6015625 0.5504583333333334 0.030859375 0.02335416666666667
0 0.321296875 0.5035833333333334 0.022375 0.02745833333333333
0 0.135984375 0.6432291666666666 0.039281250000000004 0.041666666666666664
0 0.293453125 0.5917916666666667 0.028546875 0.034395833333333334
0 0.583015625 0.5931041666666667 0.015609375 0.0195625
0 0.392828125 0.5276666666666666 0.025671875 0.02695833333333333
0 0.399421875 0.6533125 0.01815625 0.016770833333333336
0 0.583015625 0.46972916666666664 0.018375 0.027520833333333335
0 0.184453125 0.7526041666666666 0.021484375 0.014604166666666666
0 0.42017187500000003 0.5696666666666667 0.01615625 0.021270833333333336
0 0.340578125 0.71875 0.015015625 0.014541666666666668
0 0.063234375 0.7213541666666666 0.016718749999999998 0.015958333333333335
0 0.5625 0.40070833333333333 0.01103125 0.0175
0 0.1483125 0.501625 0.025750000000000002 0.043125
0 0.48607812499999997 0.620125 0.018640625 0.016125
0 0.426765625 0.6471458333333333 0.0116875 0.015166666666666667
0 0.26709375 0.5651041666666666 0.02346875 0.02352083333333333
0 0.70996875 0.41470833333333335 0.030156250000000002 0.03658333333333333
0 0.37621875 0.5651041666666666 0.015296874999999998 0.024354166666666666
0 0.582515625 0.39908333333333335 0.013843749999999998 0.018187500000000002
0 0.543953125 0.495125 0.0121875 0.019104166666666665
0 0.661140625 0.5647708333333333 0.01209375 0.012687499999999999
0 0.40209374999999997 0.5651041666666666 0.010859375000000001 0.017625000000000002
0 0.448734375 0.48112499999999997 0.011921875 0.015062500000000001
0 0.299078125 0.4700625 0.012968750000000001 0.013250000000000001
0 0.616703125 0.48633333333333334 0.0140625 0.021875
0 0.287359375 0.6946666666666667 0.020374999999999997 0.012791666666666666