0 0.2421875 0.7364791666666667 0.057296875000000004 0.177125
0 0.32995312499999996 0.4231666666666667 0.040109375 0.08175
0 0.35059375 0.5686875 0.05834375000000001 0.119875
0 0.3098125 0.4804791666666667 0.040015625 0.0840625
0 0.417484375 0.16047916666666667 0.0350625 0.04135416666666667
0 0.246578125 0.6985625 0.049140625 0.08325
0 0.388671875 0.2540625 0.0225 0.0380625
0 0.197140625 0.8086041666666667 0.018609375 0.0428125
0 0.40478125 0.21158333333333335 0.025046875000000003 0.034333333333333334
0 0.657234375 0.9524791666666667 0.067203125 0.06872916666666667
0 0.45385937500000006 0.06254166666666666 0.058140625 0.08495833333333333
0 0.3671875 0.49935416666666665 0.01609375 0.021791666666666668