0 0.479984375 0.257 0.019375 0.02745833333333333
0 0.364015625 0.16252083333333334 0.03790625 0.05497916666666667
0 0.45215625 0.6259791666666668 0.013218750000000001 0.018979166666666665
0 0.46314062500000003 0.45768749999999997 0.01209375 0.016125
0 0.79590625 0.38345833333333335 0.022375 0.027895833333333335
0 0.03875 0.2874375 0.025953125 0.029833333333333333
0 0.48949999999999994 0.5240833333333333 0.01196875 0.017416666666666667
0 0.021453125 0.19677083333333334 0.018578125 0.022375
0 0.344 0.35904166666666665 0.025046875000000003 0.03104166666666667
0 0.587890625 0.3294375 0.11296874999999999 0.12443749999999999
0 0.400390625 0.1915625 0.02828125 0.04320833333333333
0 0.378421875 0.5973333333333334 0.01590625 0.022375
0 0.566890625 0.25814583333333335 0.020374999999999997 0.021041666666666667
0 0.42212500000000003 0.10114583333333332 0.034609375 0.028708333333333332
0 0.04553125 0.37466666666666665 0.046484375 0.043854166666666666
0 0.06118749999999999 0.49902083333333336 0.022109375 0.023979166666666666
0 0.46606249999999994 0.14802083333333332 0.01640625 0.02402083333333333
0 0.40795312499999997 0.5865833333333333 0.017578125 0.03252083333333333
0 0.42943749999999997 0.35710416666666667 0.0130625 0.017625000000000002
0 0.31371875 0.296875 0.04321875 0.050708333333333334
0 0.262453125 0.4182916666666667 0.0315625 0.030979166666666665
0 0.478515625 0.7611458333333334 0.147140625 0.17785416666666667
0 0.364328125 0.7111666666666667 0.046359375 0.064
0 0.423046875 0.9529583333333334 0.07265625 0.07191666666666667
0 0.046609374999999995 0.6377291666666667 0.0359375 0.14977083333333333
0 0.19640625 0.5276666666666666 0.07860937500000001 0.0996875
0 0.056859375000000004 0.7395833333333334 0.0678125 0.39745833333333336