0 0.279546875 0.5393958333333334 0.04534375 0.047562499999999994
0 0.357671875 0.6575624999999999 0.0280625 0.035083333333333334
0 0.40404687499999997 0.7610625 0.0314375 0.06091666666666666
0 0.543453125 0.5042291666666666 0.039484375 0.042229166666666665
0 0.613765625 0.5061875 0.0454375 0.04895833333333333
0 0.42943749999999997 0.6959583333333333 0.015421874999999998 0.019708333333333335
0 0.486328125 0.48339583333333336 0.04428125 0.04020833333333333
0 0.45092187499999997 0.6220625 0.024281249999999997 0.04014583333333333
0 0.464359375 0.7441458333333333 0.016843749999999998 0.022916666666666665
0 0.390140625 0.8730416666666667 0.0145625 0.024854166666666667
0 0.555671875 0.43945833333333334 0.038171875 0.0348125
0 0.431640625 0.532875 0.0189375 0.03791666666666667
0 0.342046875 0.5250625 0.05340625 0.06216666666666667
0 0.869140625 0.3792291666666667 0.094359375 0.07910416666666667
0 0.092828125 0.46777083333333336 0.02215625 0.025249999999999998
0 0.47876562500000003 0.6123125 0.021484375 0.015000000000000001
0 0.22265625 0.6575624999999999 0.02225 0.03154166666666667
0 0.122015625 0.5869166666666668 0.02865625 0.0238125
0 0.9140625 0.9140625 0.01871875 0.029312500000000002
0 0.85059375 0.4280625 0.0199375 0.022125
0 0.09503125 0.7193958333333333 0.013796875 0.01904166666666667
0 0.74121875 0.9453125 0.01653125 0.022375
0 0.736328125 0.7167916666666667 0.016593749999999997 0.021354166666666667
0 0.735359375 0.06454166666666666 0.125734375 0.1190625
0 0.5180625 0.6119791666666666 0.01815625 0.014083333333333333
0 0.60840625 0.43814583333333335 0.025328125 0.03783333333333334
0 0.811328125 0.8890833333333333 0.104421875 0.20802083333333332
0 0.860359375 0.6240208333333332 0.24071875 0.1775625