0 0.465328125 0.706375 0.013218750000000001 0.019104166666666665
0 0.68359375 0.30533333333333335 0.01490625 0.020166666666666666
0 0.779296875 0.47622916666666665 0.019421874999999998 0.03770833333333334
0 0.366703125 0.3186875 0.019421874999999998 0.021708333333333333
0 0.70459375 0.8580833333333333 0.013640625 0.02352083333333333
0 0.45728125000000003 0.7428333333333333 0.015953125000000002 0.018666666666666668
0 0.636234375 0.213375 0.014171875 0.017354166666666667
0 0.306640625 0.44466666666666665 0.015671875 0.018187500000000002
0 0.538578125 0.675125 0.013125000000000001 0.021125
0 0.714359375 0.40527083333333336 0.018125 0.017895833333333333
0 0.590828125 0.16364583333333332 0.020374999999999997 0.0230625
0 0.41185937499999997 0.6663333333333333 0.012015625 0.017416666666666667
0 0.49535937499999994 0.32585416666666667 0.090578125 0.13404166666666667
0 0.745609375 0.6933541666666667 0.01640625 0.017625000000000002
0 0.49048437500000003 0.16683333333333333 0.023078124999999998 0.033125
0 0.60840625 0.3515625 0.01584375 0.022458333333333334
0 0.5961875 0.8567708333333334 0.012875000000000001 0.021208333333333333
0 0.53271875 0.5358125 0.098265625 0.112625
0 0.388921875 0.4088541666666667 0.023609375 0.0320625
0 0.42871875 0.42089583333333336 0.031203124999999998 0.03502083333333333
0 0.669921875 0.415375 0.01065625 0.015291666666666667
0 0.67725 0.5729166666666666 0.043703124999999995 0.03685416666666667
0 0.6875 0.26839583333333333 0.018609375 0.0234375
0 0.478515625 0.36816666666666664 0.01628125 0.023
0 0.661140625 0.8086041666666667 0.01328125 0.018458333333333334
0 0.585453125 0.9088541666666666 0.012875000000000001 0.023
0 0.73340625 0.3554791666666667 0.021859375 0.028833333333333332
0 0.680671875 0.7115833333333333 0.018546874999999997 0.02264583333333333
0 0.11395312500000002 0.3792291666666667 0.019265625 0.0234375
0 0.3125 0.333 0.018796874999999998 0.0234375
0 0.3203125 0.4010416666666667 0.020015625000000002 0.031229166666666665
0 0.44262499999999994 0.359375 0.012718750000000001 0.018395833333333333
0 0.698734375 0.6966249999999999 0.013375000000000001 0.02025
0 0.621578125 0.08829166666666667 0.01953125 0.027270833333333334
0 0.64696875 0.5097708333333333 0.01615625 0.025249999999999998
0 0.47240624999999997 0.08666666666666667 0.015187500000000001 0.025458333333333336
0 0.7211875 0.8977916666666667 0.012671874999999999 0.019708333333333335
0 0.66309375 0.8431041666666667 0.010953125 0.01625
0 0.147578125 0.34700000000000003 0.011546875 0.014208333333333333
0 0.632328125 0.9661458333333334 0.014734375 0.023708333333333335
0 0.41309375 0.244625 0.0205625 0.027791666666666666
0 0.259515625 0.39160416666666664 0.0108125 0.011895833333333333
0 0.47681250000000003 0.7246041666666667 0.052125 0.06847916666666666
0 0.64453125 0.37272916666666667 0.010703124999999999 0.017770833333333333
0 0.16309374999999998 0.49022916666666666 0.01209375 0.014708333333333332
0 0.5296875 0.8293750000000001 0.038546875 0.1719375