0 0.605546875 0.4540625 0.16278125000000002 0.233125
0 0.524421875 0.6927083333333334 0.013796875 0.023166666666666665
0 0.44653124999999994 0.46060416666666665 0.046203125 0.07470833333333333
0 0.54296875 0.4814375 0.020453125 0.022041666666666668
0 0.567390625 0.2732708333333333 0.011421875 0.021458333333333336
0 0.710453125 0.02264583333333333 0.016593749999999997 0.015708333333333335
0 0.317625 0.7369791666666666 0.019640625000000002 0.0319375
0 0.61084375 0.8196666666666667 0.02178125 0.0318125
0 0.48046875 0.5358125 0.010203125 0.020104166666666666
0 0.489265625 0.5862708333333334 0.013421875 0.01941666666666667
0 0.344484375 0.5003333333333333 0.04434375 0.05404166666666667
0 0.350828125 0.0270625 0.018984375 0.0234375
0 0.5234375 0.7350208333333333 0.025374999999999998 0.029729166666666664
0 0.51075 0.8841249999999999 0.02225 0.038625
0 0.284671875 0.46225 0.0140625 0.02025
0 0.3464375 0.637375 0.02034375 0.029
0 0.705078125 0.06045833333333333 0.011109375000000001 0.017166666666666667
0 0.53125 0.7955833333333333 0.018046875 0.033
0 0.7373125 0.5332083333333333 0.064515625 0.1188125