0 0.645046875 0.427 0.1078125 0.06858333333333334
0 0.570796875 0.5400416666666668 0.042078125 0.035604166666666666
0 0.40503125000000006 0.5722708333333333 0.038453125 0.03997916666666667
0 0.310796875 0.32487499999999997 0.040921875 0.057374999999999995
0 0.38940625 0.13077083333333334 0.0314375 0.03395833333333333
0 0.840828125 0.47591666666666665 0.05242187499999999 0.06045833333333333
0 0.318359375 0.37695833333333334 0.0416875 0.05345833333333334
0 0.5341875 0.6090416666666666 0.04715625 0.040749999999999995
0 0.6225625 0.4166666666666667 0.0678125 0.04845833333333334
0 0.822265625 0.5218125 0.130984375 0.14681249999999998
0 0.12285937499999999 0.36262500000000003 0.08251562500000001 0.07279166666666666
0 0.266109375 0.37695833333333334 0.02215625 0.03160416666666667
0 0.40478125 0.4947916666666667 0.034296875 0.03997916666666667
0 0.05225 0.43716666666666665 0.020421875 0.024166666666666666
0 0.3335 0.4961041666666667 0.064390625 0.06335416666666667
0 0.767578125 0.34960416666666666 0.019796875 0.017770833333333333
0 0.358640625 0.2908541666666667 0.031375 0.044270833333333336
0 0.57715625 0.762375 0.0546875 0.06127083333333334
0 0.65528125 0.34929166666666667 0.04328125 0.0530625
0 0.6850625 0.5367916666666667 0.055203125 0.10245833333333333
0 0.48046875 0.4410833333333333 0.016718749999999998 0.014416666666666666
0 0.635421875 0.6691458333333333 0.041671875000000004 0.07024999999999999
0 0.6233125 0.5424375 0.040890625 0.03210416666666667
0 0.643484375 0.6018125 0.021359375 0.03277083333333333
0 0.594734375 0.6464791666666667 0.05292187499999999 0.047125
0 0.500484375 0.6764375 0.034421875000000005 0.050812500000000003