0 0.5604218750000001 0.17770833333333333 0.4125 0.2644166666666667
0 0.229 0.5253958333333333 0.011421875 0.012020833333333333
0 0.621578125 0.46127083333333335 0.047515625 0.051104166666666666
0 0.300046875 0.5029375 0.042015625 0.058020833333333334
0 0.266359375 0.5709583333333333 0.014171875 0.024958333333333336
0 0.223390625 0.3854166666666667 0.030625000000000003 0.028604166666666667
0 0.099671875 0.4388125 0.019171874999999998 0.024729166666666667
0 0.30078125 0.6822916666666666 0.0199375 0.0243125
0 0.23424999999999999 0.7395833333333334 0.021625 0.032375
0 0.19824999999999998 0.6731874999999999 0.014671875000000001 0.017708333333333333
0 0.314453125 0.41179166666666667 0.042390625 0.06335416666666667