0 0.8129843749999999 0.2778333333333334 0.019609375000000002 0.022458333333333334
0 0.594234375 0.389 0.015609375 0.021708333333333333
0 0.41185937499999997 0.38085416666666666 0.02034375 0.021791666666666668
0 0.44360937500000003 0.4388125 0.008453125 0.0115625
0 0.522953125 0.442375 0.04940625 0.05695833333333333
0 0.46362500000000006 0.5725833333333333 0.0533125 0.07414583333333334
0 0.46849999999999997 0.4518333333333333 0.035953125 0.027791666666666666
0 0.44384375 0.3632916666666667 0.0238125 0.03575
0 0.48559374999999994 0.40560416666666665 0.028171875000000002 0.0284375
0 0.60840625 0.3880208333333333 0.049046875000000004 0.035479166666666666
0 0.720703125 0.3265 0.015953125000000002 0.015895833333333335