0 0.0625 0.71775 0.041671875000000004 0.084125
0 0.07575 0.7057291666666666 0.051765625 0.0530625
0 0.46753125000000006 0.8086041666666667 0.043359375 0.06079166666666667
0 0.10210937499999999 0.671875 0.027109375 0.02772916666666667
0 0.541015625 0.8385416666666666 0.03540625 0.04435416666666667
0 0.624515625 0.31754166666666667 0.01390625 0.01875
0 0.702640625 0.3658958333333333 0.022328124999999997 0.024166666666666666
0 0.24378125 0.5292916666666667 0.023328124999999998 0.038125
0 0.18067187499999998 0.54525 0.026359375 0.03635416666666667
0 0.3984375 0.51725 0.09618750000000001 0.12116666666666666
0 0.569828125 0.7408958333333333 0.029375000000000002 0.02272916666666667
0 0.557125 0.7734375 0.042812499999999996 0.06216666666666667
0 0.489265625 0.9576875 0.024421875000000003 0.042562499999999996
0 0.055296875 0.32487499999999997 0.081359375 0.08666666666666667
0 0.743171875 0.45279166666666665 0.02009375 0.030104166666666664
0 0.46996874999999994 0.3320416666666667 0.050812500000000003 0.03820833333333333
0 0.2268125 0.4645208333333333 0.03896875 0.03827083333333334
0 0.164921875 0.5725833333333333 0.0225 0.027125
0 0.20056250000000003 0.50325 0.04153125 0.044520833333333336
0 0.11968749999999999 0.28710416666666666 0.043859375 0.024458333333333335
0 0.289796875 0.46029166666666665 0.042812499999999996 0.06466666666666666
0 0.2578125 0.5052083333333334 0.020890625 0.03225
0 0.47265625 0.2734375 0.025750000000000002 0.03175
0 0.726078125 0.38575 0.026000000000000002 0.029479166666666667
0 0.48584375 0.5566458333333333 0.0171875 0.032625
0 0.358640625 0.15933333333333335 0.05500000000000001 0.06372916666666667
0 0.20996874999999998 0.5742291666666667 0.028703125000000003 0.043125
0 0.132078125 0.6302083333333334 0.024140625 0.025729166666666668
0 0.8715781249999999 0.26058333333333333 0.0780625 0.1115
0 0.46801562499999994 0.7506458333333333 0.024796875 0.026395833333333334
0 0.49071875 0.6253333333333334 0.01525 0.020166666666666666
0 0.328859375 0.4127708333333333 0.054906250000000004 0.07552083333333333
0 0.306890625 0.7975208333333333 0.097234375 0.24316666666666667
0 0.22374999999999998 0.286625 0.05109375000000001 0.051958333333333336
0 0.06804687499999999 0.793625 0.010015625 0.022208333333333333
0 0.19775 0.059041666666666666 0.028171875000000002 0.033625
0 0.267328125 0.27749999999999997 0.042578125 0.04810416666666666
0 0.20606249999999998 0.0289375 0.01609375 0.021354166666666667
0 0.172125 0.28077083333333336 0.036984375 0.021625000000000002
0 0.49731249999999994 0.6565833333333334 0.01578125 0.017020833333333332
0 0.10357812500000001 0.11841666666666667 0.08196875 0.08764583333333334
0 0.6381875 0.07995833333333334 0.018875 0.027125
0 0.651375 0.06937499999999999 0.052125 0.06372916666666667
0 0.79053125 0.4488958333333333 0.01634375 0.019270833333333334