0 0.36198437499999997 0.36972916666666666 0.036453124999999996 0.04429166666666667
0 0.317390625 0.36133333333333334 0.026609375 0.028270833333333335
0 0.37084375 0.4938125 0.039546874999999995 0.05716666666666667
0 0.668953125 0.384125 0.06804687499999999 0.07002083333333334
0 0.53515625 0.34310416666666665 0.029375000000000002 0.018458333333333334
0 0.729 0.30681250000000004 0.008921875 0.010624999999999999
0 0.654296875 0.34602083333333333 0.009484375 0.011833333333333333
0 0.557625 0.40591666666666665 0.107421875 0.08145833333333334
0 0.24328124999999998 0.7604166666666666 0.01178125 0.015062500000000001
0 0.271234375 0.4987083333333333 0.008921875 0.010916666666666667
0 0.199953125 0.46972916666666664 0.01771875 0.020104166666666666
0 0.205078125 0.796875 0.012625 0.016770833333333336
0 0.46801562499999994 0.39095833333333335 0.011296875000000001 0.0125
0 0.69434375 0.2708333333333333 0.01125 0.013979166666666666