0 0.45092187499999997 0.22622916666666668 0.01678125 0.016958333333333336
0 0.479 0.5195416666666667 0.04328125 0.05622916666666666
0 0.6665 0.5136666666666667 0.028703125000000003 0.044270833333333336
0 0.647953125 0.722 0.01584375 0.03160416666666667
0 0.4716875 0.6145833333333334 0.01934375 0.026395833333333334
0 0.563484375 0.6279375 0.013640625 0.015062500000000001
0 0.701171875 0.5612083333333333 0.033140625 0.03245833333333333
0 0.159421875 0.4882916666666667 0.019609375000000002 0.024458333333333335
0 0.187625 0.2838541666666667 0.017984375 0.021708333333333333
0 0.598140625 0.6018958333333334 0.013796875 0.018895833333333334
0 0.42871875 0.6149166666666667 0.022625 0.023875
0 0.392328125 0.6725208333333333 0.016015625 0.0243125
0 0.521484375 0.292 0.029375000000000002 0.029437500000000002
0 0.505859375 0.6331458333333334 0.04015625 0.066
0 0.4248125 0.34277083333333336 0.021484375 0.020395833333333332
0 0.5341875 0.46679166666666666 0.017109375 0.024687499999999998
0 0.120359375 0.2924791666666666 0.026000000000000002 0.030645833333333334
0 0.08251562500000001 0.2556875 0.018640625 0.0256875
0 0.10320312499999999 0.1678125 0.026968750000000003 0.029437500000000002
0 0.5415 0.14835416666666665 0.024 0.023
0 0.272703125 0.45475 0.019171874999999998 0.026895833333333334
0 0.385015625 0.415375 0.011828125 0.015458333333333333
0 0.5493125 0.5572916666666666 0.01525 0.021875
0 0.615234375 0.6604791666666666 0.010453125 0.014604166666666666
0 0.552734375 0.23991666666666667 0.018015625 0.019104166666666665
0 0.42090625 0.370125 0.022625 0.024729166666666667
0 0.338375 0.512375 0.015078125000000001 0.020562499999999997
0 0.612796875 0.8567708333333334 0.015125 0.022041666666666668
0 0.619625 0.5934166666666666 0.01634375 0.0234375
0 0.298828125 0.7037708333333333 0.017109375 0.03175
0 0.43871874999999994 0.4869791666666667 0.031078125 0.032875
0 0.24512499999999998 0.5559999999999999 0.021406249999999998 0.029541666666666667
0 0.5498125 0.6165416666666667 0.010703124999999999 0.0143125
0 0.54834375 0.5960208333333333 0.012671874999999999 0.019791666666666666
0 0.46167187500000006 0.3737083333333333 0.011640625 0.015166666666666667
0 0.160890625 0.199875 0.016718749999999998 0.0195
0 0.2995625 0.3811875 0.07696875 0.11068750000000001
0 0.630859375 0.43164583333333334 0.0116875 0.015583333333333334
0 0.29028125 0.5765 0.0391875 0.04614583333333333
0 0.790046875 0.5699791666666666 0.014499999999999999 0.017020833333333332
0 0.572265625 0.2890625 0.012765625 0.017166666666666667
0 0.22765624999999998 0.3030625 0.014734375 0.017562499999999998
0 0.568359375 0.3844375 0.010734375 0.016020833333333335
0 0.03028125 0.6855416666666667 0.051671875 0.03770833333333334
0 0.396484375 0.3554791666666667 0.00846875 0.011395833333333332
0 0.543453125 0.84375 0.027218750000000003 0.04939583333333333
0 0.32178125 0.5973333333333334 0.0260625 0.030916666666666665
0 0.32959375 0.2384375 0.015546874999999998 0.01825
0 0.44995312500000006 0.435875 0.039703125 0.03783333333333334
0 0.208625 0.07995833333333334 0.01615625 0.021625000000000002
0 0.350828125 0.34439583333333335 0.016593749999999997 0.0165
0 0.331546875 0.9693958333333333 0.014109374999999999 0.017833333333333333
0 0.297140625 0.810625 0.0578125 0.13443750000000002
0 0.12084375 0.6328125 0.147828125 0.17252083333333335
0 0.057921875 0.5696666666666667 0.11164062500000001 0.21647916666666667