0 0.629890625 0.13858333333333334 0.028968749999999998 0.0405
0 0.417484375 0.71875 0.11676562500000001 0.1665
0 0.44214062500000006 0.6494166666666668 0.029375000000000002 0.032875
0 0.684078125 0.25016666666666665 0.070921875 0.10335416666666666
0 0.344234375 0.75325 0.04153125 0.03777083333333333
0 0.322015625 0.7161458333333334 0.02975 0.031229166666666665
0 0.469234375 0.6165416666666667 0.018187500000000002 0.030166666666666668
0 0.773921875 0.34310416666666665 0.015296874999999998 0.0183125
0 0.332515625 0.6816458333333333 0.01328125 0.019104166666666665
0 0.589359375 0.3515625 0.033328125 0.039749999999999994
0 0.5180625 0.6848958333333334 0.030734375 0.03175
0 0.758796875 0.3688125 0.030796875 0.03966666666666666
0 0.732421875 0.36816666666666664 0.01353125 0.020958333333333336
0 0.63428125 0.3968125 0.018234375 0.017708333333333333
0 0.289796875 0.7434999999999999 0.035609375 0.06787499999999999
0 0.37475 0.6705833333333333 0.009671875 0.015520833333333334
0 0.54540625 0.6321666666666667 0.008609374999999999 0.013770833333333335
0 0.522953125 0.6487708333333334 0.010125 0.014041666666666668
0 0.589359375 0.2225 0.078796875 0.12802083333333333
0 0.78125 0.4417291666666667 0.017249999999999998 0.022125
0 0.555671875 0.30583333333333335 0.03528125 0.049104166666666664