0 0.701171875 0.4518333333333333 0.015421874999999998 0.0165625
0 0.66015625 0.6031875 0.012375 0.013500000000000002
0 0.684078125 0.5586041666666667 0.011375 0.014604166666666666
0 0.585453125 0.6770833333333334 0.016015625 0.020895833333333332
0 0.69384375 0.48925 0.014781250000000001 0.013458333333333333
0 0.42821875 0.33658333333333335 0.01590625 0.017020833333333332
0 0.56884375 0.6985625 0.013421875 0.018541666666666668
0 0.65234375 0.5374375 0.01584375 0.019187500000000003
0 0.49779687499999997 0.4375 0.030796875 0.035604166666666666
0 0.677734375 0.5973333333333334 0.008578125 0.011229166666666667
0 0.42065625000000006 0.43652083333333336 0.01578125 0.020166666666666666
0 0.41771874999999997 0.6764375 0.059109375 0.043041666666666666
0 0.630859375 0.4795 0.031015625 0.0428125
0 0.682125 0.4280625 0.012625 0.01175
0 0.69434375 0.23860416666666667 0.012875000000000001 0.017708333333333333
0 0.5415 0.28954166666666664 0.013734374999999998 0.016833333333333332
0 0.45946875 0.401375 0.010906250000000001 0.011666666666666665
0 0.7085 0.4765625 0.009343750000000001 0.011041666666666667
0 0.559078125 0.671875 0.010171875 0.012354166666666666
0 0.45629687499999994 0.49902083333333336 0.043703124999999995 0.060270833333333336
0 0.80859375 0.5605416666666667 0.018984375 0.0208125
0 0.634765625 0.6067708333333334 0.008578125 0.011083333333333334
0 0.78759375 0.629875 0.013328125 0.014708333333333332
0 0.662109375 0.4723333333333333 0.025859375 0.025500000000000002
0 0.344 0.3473333333333333 0.014234374999999999 0.014708333333333332
0 0.346921875 0.706375 0.014328125 0.017562499999999998
0 0.476078125 0.583 0.010984375000000001 0.015333333333333334
0 0.620125 0.6836041666666667 0.02284375 0.035895833333333335
0 0.58203125 0.6256458333333333 0.02071875 0.0328125
0 0.92090625 0.504875 0.054593749999999996 0.18391666666666667
0 0.710453125 0.18391666666666667 0.011203125 0.015229166666666665
0 0.345453125 0.7617291666666667 0.0121875 0.017770833333333333
0 0.44775 0.29900000000000004 0.011375 0.011291666666666667
0 0.50634375 0.31706249999999997 0.02346875 0.029666666666666668
0 0.387203125 0.9375 0.061984375 0.12443749999999999