0 0.276609375 0.550125 0.025078125 0.04272916666666667
0 0.369625 0.431 0.012718750000000001 0.018041666666666668
0 0.25121875 0.34310416666666665 0.01771875 0.018395833333333333
0 0.327390625 0.8170625 0.016843749999999998 0.0283125
0 0.219 0.43293750000000003 0.01428125 0.016020833333333335
0 0.519046875 0.25325000000000003 0.013218750000000001 0.019187500000000003
0 0.46509375000000003 0.44206249999999997 0.015546874999999998 0.021875
0 0.029593750000000002 0.10579166666666667 0.01178125 0.016645833333333335
0 0.279546875 0.34831249999999997 0.015078125000000001 0.020479166666666666
0 0.38696875 0.5406875 0.011921875 0.017770833333333333
0 0.219109375 0.39975 0.0115 0.013979166666666666
0 0.533203125 0.22933333333333333 0.012671874999999999 0.02002083333333333
0 0.604 0.23958333333333334 0.018265625 0.028708333333333332
0 0.24523437499999998 0.7428333333333333 0.01353125 0.019708333333333335
0 0.362546875 0.6302083333333334 0.013125000000000001 0.017979166666666668
0 0.3515625 0.4573541666666667 0.011296875000000001 0.013604166666666667
0 0.273921875 0.7799583333333333 0.016593749999999997 0.029604166666666668
0 0.3149375 0.9147083333333333 0.014671875000000001 0.020166666666666666
0 0.445796875 0.5416666666666666 0.060421875 0.068125
0 0.373046875 0.45637500000000003 0.016015625 0.014416666666666666
0 0.337640625 0.8886666666666667 0.015078125000000001 0.022208333333333333
0 0.36084375 0.5169374999999999 0.010015625 0.014083333333333333
0 0.5390625 0.6350833333333333 0.011875 0.015520833333333334
0 0.228265625 0.1190625 0.0130625 0.014145833333333333
0 0.336421875 0.6744791666666666 0.014234374999999999 0.020395833333333332
0 0.566890625 0.8086041666666667 0.035828125 0.030229166666666665
0 0.50146875 0.5680416666666667 0.014171875 0.0238125
0 0.388671875 0.16333333333333336 0.011109375000000001 0.017020833333333332
0 0.507328125 0.37825000000000003 0.037265625000000004 0.07162500000000001
0 0.43920312499999997 0.45410416666666664 0.015125 0.03225
0 0.354 0.699875 0.012718750000000001 0.017354166666666667
0 0.48071875000000003 0.06835416666666667 0.013734374999999998 0.01941666666666667
0 0.2788125 0.22379166666666667 0.025718750000000002 0.022208333333333333
0 0.049046875000000004 0.5647708333333333 0.01634375 0.0199375
0 0.269046875 0.18766666666666668 0.0145625 0.019708333333333335
0 0.42846875000000006 0.862625 0.15259375 0.24837499999999998
0 0.3100625 0.6363958333333334 0.010171875 0.014083333333333333
0 0.329828125 0.7649791666666667 0.019296874999999998 0.029479166666666667
0 0.856453125 0.703125 0.014000000000000002 0.0195
0 0.7915 0.9238333333333333 0.20434375 0.1345208333333333
0 0.266359375 0.09652083333333333 0.01146875 0.017416666666666667
0 0.05878124999999999 0.09041666666666666 0.012718750000000001 0.013979166666666666
0 0.555671875 0.5511041666666666 0.01009375 0.016958333333333336
0 0.500984375 0.03870833333333333 0.0174375 0.0289375
0 0.646 0.2643333333333333 0.012875000000000001 0.017979166666666668
0 0.761234375 0.6328125 0.01621875 0.015395833333333333
0 0.49071875 0.182125 0.019796875 0.06058333333333333
0 0.77196875 0.3942083333333333 0.10840625 0.11677083333333332
0 0.272953125 0.17235416666666667 0.017046875 0.0240625
0 0.038703125 0.7669374999999999 0.017296875 0.021708333333333333
0 0.380375 0.29720833333333335 0.010484375 0.014041666666666668
0 0.358890625 0.7858125 0.01103125 0.022291666666666664
0 0.064390625 0.22575 0.066828125 0.06185416666666667