0 0.408203125 0.18864583333333332 0.031734374999999995 0.07510416666666667
0 0.303953125 0.46320833333333333 0.025374999999999998 0.024458333333333335
0 0.2785625 0.6474583333333332 0.029031249999999998 0.06539583333333333
0 0.328609375 0.446625 0.025468750000000002 0.030000000000000002
0 0.42357812499999997 0.45539583333333333 0.024234375 0.028374999999999997
0 0.35521875 0.21435416666666668 0.014109374999999999 0.022916666666666665
0 0.41284375000000006 0.26075 0.05440625 0.058916666666666666
0 0.312984375 0.5094375 0.046109375 0.044645833333333336
0 0.892578125 0.5426458333333334 0.0280625 0.09122916666666667
0 0.480953125 0.8619791666666666 0.0088125 0.017166666666666667
0 0.51171875 0.361 0.0115 0.017979166666666668
0 0.70459375 0.7285208333333333 0.012718750000000001 0.014270833333333333
0 0.562890625 0.5382708333333334 0.034640625 0.0654375
0 0.48559374999999994 0.49120833333333336 0.03028125 0.039
0 0.45581250000000006 0.5195416666666667 0.0280625 0.03383333333333333
0 0.3335 0.37174999999999997 0.03403125 0.06116666666666667
0 0.313015625 0.6700208333333334 0.032296875 0.054625
0 0.38671875 0.3789166666666667 0.031671875 0.075
0 0.298578125 0.7233125 0.028375 0.03160416666666667