0 0.499515625 0.199375 0.035890624999999995 0.038625
0 0.588875 0.6461666666666667 0.01328125 0.0160625
0 0.53515625 0.1516875 0.0315 0.042979166666666666
0 0.2785625 0.6630833333333332 0.016843749999999998 0.024541666666666666
0 0.37403125 0.75 0.010781250000000001 0.014041666666666668
0 0.45434374999999994 0.22297916666666667 0.02303125 0.027520833333333335
0 0.35815625 0.49283333333333335 0.01065625 0.0139375
0 0.395515625 0.14754166666666665 0.015296874999999998 0.017979166666666668
0 0.61328125 0.09789583333333333 0.01584375 0.021791666666666668
0 0.41870312500000006 0.6168541666666666 0.065484375 0.07679166666666666
0 0.586421875 0.5390625 0.009484375 0.012645833333333334
0 0.8090781249999999 0.09358333333333334 0.028937499999999998 0.0393125
0 0.47339062500000006 0.3870416666666667 0.048578125 0.05354166666666667
0 0.586921875 0.6875 0.011421875 0.0160625
0 0.278078125 0.7128958333333333 0.014234374999999999 0.020395833333333332
0 0.673828125 0.06966666666666667 0.01628125 0.020166666666666666
0 0.453609375 0.099375 0.020296875 0.0175
0 0.4194375 0.4254583333333333 0.010453125 0.013875
0 0.32690625 0.6875 0.02009375 0.029208333333333333
0 0.805671875 0.049104166666666664 0.02365625 0.027687499999999997
0 0.5835 0.5647708333333333 0.01115625 0.01904166666666667
0 0.516109375 0.8066458333333333 0.01234375 0.023875
0 0.498046875 0.7506458333333333 0.018640625 0.035083333333333334
0 0.22400000000000003 0.8118541666666667 0.083625 0.07091666666666667
0 0.6748125 0.8040416666666667 0.06646875 0.19808333333333333
0 0.727046875 0.22379166666666667 0.02303125 0.025208333333333333
0 0.1355 0.9414166666666667 0.15259375 0.10027083333333334
0 0.37109375 0.21060416666666668 0.011296875000000001 0.01875
0 0.362546875 0.6064375 0.06109375 0.066375
0 0.712890625 0.043125 0.014171875 0.016708333333333332
0 0.24939062500000003 0.675125 0.012828125000000001 0.014208333333333333
0 0.68896875 0.38085416666666666 0.010984375000000001 0.017166666666666667
0 0.38525 0.9316458333333333 0.011640625 0.021458333333333336
0 0.552734375 0.5882083333333333 0.029984375 0.06441666666666666
0 0.6225625 0.4453125 0.034421875000000005 0.049041666666666664
0 0.126953125 0.7350208333333333 0.01115625 0.014645833333333334
0 0.683109375 0.32079166666666664 0.013015625 0.022458333333333334