0 0.57325 0.23779166666666668 0.01653125 0.023625
0 0.49487500000000006 0.6959583333333333 0.015359375 0.0199375
0 0.5444375 0.6045 0.015671875 0.020562499999999997
0 0.57275 0.37956249999999997 0.013953125 0.019187500000000003
0 0.46167187500000006 0.25456249999999997 0.041078125 0.052458333333333336
0 0.150515625 0.2825625 0.01621875 0.018895833333333334
0 0.42846875000000006 0.6575624999999999 0.01621875 0.021208333333333333
0 0.572265625 0.34602083333333333 0.019765625000000002 0.0266875
0 0.656734375 0.3551458333333333 0.020374999999999997 0.024125
0 0.15625 0.36133333333333334 0.02021875 0.021708333333333333
0 0.583984375 0.39779166666666665 0.012765625 0.017833333333333333
0 0.18859375 0.2846666666666666 0.012875000000000001 0.01583333333333333
0 0.525875 0.5387291666666666 0.014390625 0.017354166666666667
0 0.12 0.56575 0.015484375 0.018187500000000002
0 0.507328125 0.4401041666666667 0.0140625 0.017625000000000002
0 0.457515625 0.6526666666666666 0.021359375 0.03160416666666667
0 0.49096875000000006 0.39877083333333335 0.016718749999999998 0.022041666666666668
0 0.49439062500000003 0.2827083333333333 0.030859375 0.042645833333333334
0 0.145625 0.5462291666666667 0.014953125000000001 0.015520833333333334
0 0.513671875 0.6041666666666666 0.013640625 0.015062500000000001
0 0.39209375 0.38314583333333335 0.03409375 0.04014583333333333
0 0.40356249999999994 0.7584583333333333 0.04015625 0.049958333333333334
0 0.41479687500000006 0.4404375 0.02390625 0.026895833333333334
0 0.153203125 0.43685416666666665 0.039281250000000004 0.035541666666666666
0 0.53271875 0.19125 0.0390625 0.03164583333333333
0 0.1065 0.6855416666666667 0.039281250000000004 0.06733333333333333
0 0.55225 0.7949166666666667 0.059875 0.0843125
0 0.434078125 0.7070416666666667 0.01146875 0.015458333333333333
0 0.05071875 0.08747916666666668 0.018484375 0.025604166666666664
0 0.160515625 0.5091249999999999 0.014453125 0.015458333333333333
0 0.666015625 0.5546875 0.012046875 0.014750000000000001
0 0.38575 0.41633333333333333 0.018515625 0.0161875
0 0.142703125 0.39877083333333335 0.033078125 0.041749999999999995
0 0.3776875 0.35189583333333335 0.018640625 0.026041666666666668