0 0.50625 0.6755833333333333 0.075 0.10739583333333333
0 0.588375 0.5133541666666667 0.07159375 0.0765
0 0.52246875 0.3707708333333333 0.0263125 0.0195625
0 0.8569375000000001 0.36035416666666664 0.021484375 0.017020833333333332
0 0.9780312500000001 0.3002916666666666 0.031796875 0.03045833333333333
0 0.47509375 0.42122916666666665 0.014171875 0.016125
0 0.509765625 0.5192083333333334 0.054296875 0.037625
0 0.531734375 0.4635416666666667 0.046203125 0.03885416666666666
0 0.685546875 0.4469375 0.0225 0.026354166666666668
0 0.934578125 0.30566666666666664 0.01809375 0.017979166666666668
0 0.71240625 0.45214583333333336 0.011875 0.008520833333333333