0 0.790046875 0.2825625 0.014234374999999999 0.0175
0 0.43628125000000006 0.6507083333333333 0.04715625 0.049479166666666664
0 0.36571875 0.643875 0.023515625000000002 0.037562500000000006
0 0.38134375 0.6376875 0.06096875 0.0806875
0 0.484375 0.6158958333333333 0.024656249999999998 0.021791666666666668
0 0.508296875 0.5533958333333333 0.0171875 0.015291666666666667
0 0.616703125 0.3463541666666667 0.01771875 0.028833333333333332
0 0.345953125 0.463875 0.023078124999999998 0.02002083333333333
0 0.755859375 0.292 0.020921875 0.025416666666666664
0 0.685546875 0.3325208333333334 0.03021875 0.03252083333333333
0 0.445796875 0.9362083333333333 0.01909375 0.024645833333333332
0 0.64990625 0.32599999999999996 0.034421875000000005 0.0348125
0 0.50390625 0.6920625 0.01640625 0.021875
0 0.46875 0.4856875 0.01971875 0.018187500000000002
0 0.541015625 0.6979166666666666 0.015484375 0.018541666666666668
0 0.35546875 0.6933541666666667 0.029375000000000002 0.03691666666666667
0 0.40599999999999997 0.48535416666666664 0.015671875 0.017833333333333333
0 0.46875 0.7155 0.029249999999999998 0.02675
0 0.45190625000000006 0.8300833333333333 0.04178125 0.06404166666666666
0 0.790046875 0.361 0.015015625 0.01875
0 0.572265625 0.5292916666666667 0.012921875 0.015104166666666667
0 0.705078125 0.501625 0.016593749999999997 0.021958333333333333
0 0.56103125 0.6575624999999999 0.013734374999999998 0.0175
0 0.71240625 0.44075000000000003 0.01609375 0.016395833333333335
0 0.4795 0.671875 0.01665625 0.018041666666666668
0 0.508796875 0.6035208333333333 0.014953125000000001 0.015770833333333335
0 0.6953125 0.3632916666666667 0.013796875 0.0175
0 0.4873125 0.8964791666666667 0.022625 0.0240625
0 0.38965625 0.7682291666666666 0.05996875 0.08295833333333333
0 0.35034375 0.7480416666666667 0.01209375 0.015895833333333335
0 0.439453125 0.5514375 0.013375000000000001 0.018541666666666668
0 0.39428125 0.8268333333333333 0.038906249999999996 0.050124999999999996
0 0.380609375 0.4362083333333333 0.05071875 0.04666666666666666
0 0.3461875 0.731125 0.010328125 0.017020833333333332
0 0.564453125 0.5625 0.01490625 0.022125
0 0.455078125 0.43847916666666664 0.054203125 0.04675
0 0.47095312500000003 0.6223958333333334 0.01634375 0.017979166666666668
0 0.57325 0.8509166666666667 0.017906250000000002 0.0245
0 0.344734375 0.37435416666666665 0.014453125 0.0183125
0 0.8110312499999999 0.44497916666666665 0.013593749999999998 0.021625000000000002
0 0.7578125 0.448875 0.036453124999999996 0.0359375
0 0.64990625 0.43652083333333336 0.027484375 0.034479166666666665
0 0.54540625 0.9127708333333333 0.028375 0.0364375
0 0.5341875 0.4501875 0.013953125 0.018458333333333334
0 0.325203125 0.8020833333333334 0.024390625 0.026000000000000002