0 0.437109375 0.10933333333333332 0.059109375 0.07908333333333334
0 0.42421875 0.21764583333333334 0.072390625 0.10129166666666665
0 0.394015625 0.2832708333333333 0.084890625 0.07279166666666666
0 0.555203125 0.49314583333333334 0.027078124999999998 0.030729166666666665
0 0.118234375 0.049625 0.028125 0.029125
0 0.18909375 0.0389375 0.027640625000000002 0.0321875
0 0.234015625 0.0788125 0.03528125 0.04479166666666667
0 0.287359375 0.048749999999999995 0.02759375 0.03777083333333333
0 0.014453125 0.08650000000000001 0.028921875000000003 0.04410416666666667
0 0.179078125 0.13566666666666669 0.050328125 0.05225
0 0.42943749999999997 0.6211041666666667 0.025671875 0.026583333333333334
0 0.108765625 0.15910416666666669 0.017781250000000002 0.0266875
0 0.40528125 0.6484375 0.02021875 0.040749999999999995
0 0.375734375 0.04747916666666666 0.01984375 0.018458333333333334
0 0.732421875 0.11637499999999999 0.051546875000000006 0.06241666666666667
0 0.861328125 0.3346458333333333 0.044765624999999996 0.029
0 0.703125 0.07595833333333334 0.04978125 0.07752083333333333
0 0.384515625 0.40527083333333336 0.13 0.1931875
0 0.318109375 0.42285416666666664 0.04978125 0.06697916666666666
0 0.43115625 0.6888124999999999 0.024 0.0389375
0 0.519046875 0.36752083333333335 0.074890625 0.06902083333333334
0 0.81640625 0.28402083333333333 0.022468750000000003 0.026000000000000002
0 0.449703125 0.3531875 0.03259375 0.043625000000000004
0 0.319578125 0.4088541666666667 0.019796875 0.0230625
0 0.383296875 0.6757916666666667 0.0255625 0.051958333333333336
0 0.35790625 0.6959583333333333 0.047328125 0.05622916666666666
0 0.9653281249999999 0.5244166666666666 0.061312500000000006 0.03916666666666667
0 0.8881875000000001 0.24885416666666668 0.013843749999999998 0.013458333333333333
0 0.375484375 0.1829375 0.018015625 0.020104166666666666
0 0.07195312499999999 0.047562499999999994 0.027437499999999997 0.042895833333333334
0 0.720703125 0.3046875 0.009015625 0.009833333333333333
0 0.134640625 0.16633333333333333 0.072078125 0.04675
0 0.018687500000000003 0.2233125 0.037046875 0.028125
0 0.046390625000000005 0.36685416666666665 0.014234374999999999 0.0195
0 0.3335 0.5709583333333333 0.015015625 0.01625
0 0.374265625 0.3273125 0.020640625000000003 0.027854166666666666
0 0.488765625 0.9557291666666666 0.013015625 0.0234375
0 0.79834375 0.050625 0.077515625 0.05497916666666667
0 0.38575 0.987625 0.01609375 0.0228125