0 0.455734375 0.8974166666666666 0.036453124999999996 0.0858125
0 0.17309375 0.08829166666666667 0.05184375 0.05272916666666667
0 0.463375 0.066 0.0195625 0.037625
0 0.5341875 0.0248125 0.046625 0.04635416666666667
0 0.483890625 0.3125 0.044859375 0.1169375
0 0.38915625 0.5472083333333334 0.1429375 0.1796875
0 0.477546875 0.20735416666666667 0.033265625 0.06733333333333333
0 0.43090624999999994 0.10352083333333333 0.01328125 0.022291666666666664
0 0.501953125 0.4609375 0.0136875 0.013875
0 0.44067187499999994 0.8072916666666666 0.052828125000000004 0.10352083333333333
0 0.472171875 0.17220833333333332 0.02153125 0.03539583333333333