0 0.8325156249999999 0.5143333333333333 0.30371875 0.34602083333333333
0 0.44140625 0.3139583333333333 0.04046875 0.058020833333333334
0 0.04459375 0.2578125 0.0206875 0.021458333333333336
0 0.150875 0.44466666666666665 0.02178125 0.028479166666666667
0 0.232171875 0.5625 0.016984375 0.02272916666666667
0 0.48510937500000006 0.1775625 0.013171875 0.016958333333333336
0 0.4765625 0.5852916666666667 0.037328125000000004 0.05285416666666667
0 0.59228125 0.39647916666666666 0.02165625 0.0266875
0 0.56884375 0.5237708333333333 0.06085937500000001 0.10970833333333332
0 0.47021875 0.31916666666666665 0.029140624999999996 0.032625
0 0.49926562499999994 0.6500625 0.01590625 0.02625
0 0.006687500000000001 0.21485416666666665 0.013125000000000001 0.0183125
0 0.453125 0.0878125 0.02034375 0.018187500000000002
0 0.89690625 0.17822916666666666 0.20617187499999998 0.32975
0 0.1484375 0.2915 0.036890624999999996 0.0320625