0 0.43334374999999997 0.7519583333333333 0.018015625 0.029
0 0.47240624999999997 0.60775 0.026859375 0.030354166666666668
0 0.300046875 0.8320416666666667 0.0288125 0.04183333333333333
0 0.5498125 0.4257916666666667 0.031078125 0.034666666666666665
0 0.601078125 0.5065208333333333 0.02284375 0.0316875
0 0.427734375 0.44564583333333335 0.045203125 0.042895833333333334
0 0.268796875 0.8880208333333334 0.028109375 0.04152083333333333
0 0.5234375 0.36654166666666665 0.01984375 0.030708333333333334
0 0.306640625 0.6490833333333333 0.044765624999999996 0.07864583333333333
0 0.6538125 0.5198541666666666 0.03534375 0.04820833333333333
0 0.48462500000000003 0.5055416666666667 0.054593749999999996 0.04666666666666666
0 0.48803124999999997 0.7526041666666666 0.01590625 0.0225625
0 0.566890625 0.3541666666666667 0.021359375 0.024583333333333336
0 0.548828125 0.2830416666666667 0.017249999999999998 0.019708333333333335
0 0.3154375 0.49804166666666666 0.018296875 0.03116666666666667
0 0.52246875 0.4098333333333333 0.015421874999999998 0.0163125
0 0.559578125 0.5374375 0.02175 0.028833333333333332
0 0.51025 0.4781875 0.0136875 0.0163125
0 0.511234375 0.37956249999999997 0.016015625 0.017833333333333333
0 0.3308125 0.7278749999999999 0.01196875 0.017895833333333333