0 0.23376562500000003 0.5323958333333334 0.06 0.10995833333333334
0 0.27709375 0.43685416666666665 0.0403125 0.034479166666666665
0 0.3674375 0.6959583333333333 0.024140625 0.030291666666666665
0 0.20203125000000002 0.39810416666666665 0.0130625 0.016125
0 0.434078125 0.5309166666666667 0.017906250000000002 0.030041666666666668
0 0.20165625 0.7395833333333334 0.027171875 0.026583333333333334
0 0.492671875 0.6520208333333334 0.012765625 0.014750000000000001
0 0.408203125 0.6305416666666667 0.0531875 0.044270833333333336
0 0.026000000000000002 0.6487708333333334 0.024234375 0.033
0 0.58496875 0.43033333333333335 0.03803125 0.044520833333333336
0 0.380125 0.5081458333333333 0.02828125 0.03989583333333333
0 0.296875 0.39616666666666667 0.0314375 0.03141666666666667
0 0.292484375 0.47689583333333335 0.010734375 0.014750000000000001
0 0.047234375 0.7962291666666667 0.021203125 0.026291666666666665
0 0.203375 0.4749375 0.01428125 0.017979166666666668
0 0.10192187500000001 0.65625 0.025953125 0.0308125
0 0.13646875 0.5449166666666667 0.025796875000000004 0.02772916666666667
0 0.378421875 0.4023541666666667 0.015421874999999998 0.01875
0 0.3466875 0.40527083333333336 0.014953125000000001 0.024583333333333336
0 0.194578125 0.4882916666666667 0.010374999999999999 0.013354166666666667
0 0.314203125 0.5458958333333332 0.017374999999999998 0.025458333333333336
0 0.090578125 0.7864583333333334 0.016468749999999997 0.022291666666666664
0 0.366703125 0.5572916666666666 0.009453125 0.0139375
0 0.14196875 0.5914791666666667 0.040375 0.050979166666666666
0 0.05225 0.5927708333333332 0.046015625 0.0405