0 0.45325 0.515875 0.049734375 0.07966666666666668
0 0.408859375 0.5717708333333333 0.036453124999999996 0.03175
0 0.462109375 0.6398125 0.02578125 0.028958333333333332
0 0.5421875 0.6658541666666667 0.011453125 0.018520833333333334
0 0.674484375 0.22183333333333335 0.026046875000000004 0.0401875
0 0.55378125 0.34750000000000003 0.042453125 0.11095833333333333
0 0.48203125 0.32875000000000004 0.031765625 0.059583333333333335
0 0.409671875 0.5914791666666667 0.0419375 0.06889583333333334
0 0.582515625 0.18783333333333332 0.017640625 0.024645833333333332
0 0.6358125 0.25585416666666666 0.034640625 0.0665625
0 0.419265625 0.762375 0.015625 0.017104166666666667
0 0.566796875 0.9297083333333334 0.01640625 0.03233333333333333
0 0.344484375 0.9192708333333334 0.0403125 0.08145833333333334
0 0.72578125 0.3030625 0.0921875 0.06377083333333333