0 0.465625 0.3076458333333333 0.033328125 0.03472916666666667
0 0.532703125 0.29360416666666667 0.02815625 0.02335416666666667
0 0.47631249999999997 0.6432291666666666 0.021812500000000002 0.044187500000000005
0 0.49389062499999997 0.2661041666666667 0.019203124999999998 0.022916666666666665
0 0.485359375 0.1535625 0.029375000000000002 0.045375000000000006
0 0.48901562500000006 0.199875 0.020640625000000003 0.03827083333333334
0 0.590828125 0.734375 0.018515625 0.018125
0 0.49903125 0.6035208333333333 0.021703125 0.03908333333333334
0 0.6123125 0.7259166666666667 0.018234375 0.026354166666666668
0 0.472171875 0.07983333333333334 0.033328125 0.05225
0 0.505859375 0.7662708333333333 0.019984375 0.02802083333333333
0 0.465828125 0.5533958333333333 0.01653125 0.030229166666666665
0 0.61571875 0.7526041666666666 0.0199375 0.018666666666666668
0 0.43481249999999994 0.15731250000000002 0.031203124999999998 0.05510416666666666
0 0.42065625000000006 0.28320833333333334 0.017640625 0.030000000000000002
0 0.522953125 0.6712291666666667 0.01934375 0.03429166666666667
0 0.981453125 0.35383333333333333 0.027640625000000002 0.032625
0 0.536140625 0.546875 0.021984375 0.0319375
0 0.47778124999999994 0.6920625 0.01621875 0.022125
0 0.5444375 0.043791666666666666 0.019765625000000002 0.021541666666666667
0 0.526375 0.26025 0.011421875 0.017895833333333333
0 0.435546875 0.14477083333333332 0.016468749999999997 0.029375
0 0.49731249999999994 0.4453125 0.0730625 0.10970833333333332