0 0.40454687500000003 0.27295833333333336 0.02203125 0.0228125
0 0.327640625 0.23877083333333332 0.02025 0.0230625
0 0.512203125 0.29004166666666664 0.0205625 0.023
0 0.380375 0.5703125 0.011875 0.015645833333333335
0 0.23975 0.17741666666666667 0.020171875 0.024541666666666666
0 0.532234375 0.37043750000000003 0.014453125 0.015229166666666665
0 0.387703125 0.36685416666666665 0.013640625 0.01933333333333333
0 0.47973437499999994 0.34408333333333335 0.012765625 0.019187500000000003
0 0.57275 0.08325 0.030046875 0.029958333333333333
0 0.569828125 0.3473333333333333 0.012875000000000001 0.014750000000000001
0 0.327875 0.4935 0.00959375 0.016708333333333332
0 0.35034375 0.146 0.017859375 0.023708333333333335
0 0.34375 0.671875 0.012921875 0.0161875
0 0.39746875 0.6419374999999999 0.01615625 0.02745833333333333
0 0.13646875 0.6914166666666667 0.012421875 0.018458333333333334
0 0.10840625 0.7037708333333333 0.012046875 0.021875
0 0.397703125 0.31818749999999996 0.025718750000000002 0.03325
0 0.608890625 0.33089583333333333 0.018265625 0.026354166666666668
0 0.432125 0.6162083333333332 0.011734375 0.015333333333333334
0 0.41723437499999994 0.19922916666666665 0.01390625 0.020166666666666666
0 0.479 0.1115 0.020421875 0.025166666666666667
0 0.187375 0.021354166666666667 0.029484375 0.028708333333333332
0 0.723640625 0.2939375 0.029546875 0.0439375
0 0.422359375 0.56575 0.01146875 0.017166666666666667
0 0.6381875 0.612625 0.01053125 0.016770833333333336
0 0.519046875 0.4567083333333333 0.029703125000000004 0.04895833333333333
0 0.42993750000000003 0.7526041666666666 0.022796875 0.021354166666666667
0 0.37353125 0.25747916666666665 0.034937499999999996 0.03870833333333333
0 0.102484375 0.9414166666666667 0.023140625 0.026000000000000002
0 0.761234375 0.3395208333333333 0.043859375 0.043625000000000004
0 0.622078125 0.5628333333333334 0.013640625 0.02795833333333333
0 0.576171875 0.25716666666666665 0.015125 0.023708333333333335
0 0.4975625 0.40527083333333336 0.012421875 0.015583333333333334
0 0.587890625 0.5644583333333333 0.009015625 0.015229166666666665
0 0.11596875 0.34049999999999997 0.05071875 0.03989583333333333
0 0.397953125 0.17252083333333335 0.031796875 0.030395833333333334
0 0.23376562500000003 0.22102083333333333 0.0171875 0.021791666666666668
0 0.337640625 0.8828125 0.012296875 0.020479166666666666
0 0.608890625 0.3645833333333333 0.010781250000000001 0.015229166666666665
0 0.469734375 0.5550208333333334 0.008640625 0.011270833333333334