0 0.547921875 0.4308125 0.022921875 0.0415
0 0.63525 0.5950624999999999 0.020015625000000002 0.031104166666666665
0 0.58496875 0.49185416666666665 0.042812499999999996 0.04666666666666666
0 0.613765625 0.45897916666666666 0.018796874999999998 0.030166666666666668
0 0.8862343750000001 0.333 0.02253125 0.021958333333333333
0 0.336421875 0.5146458333333334 0.023375 0.0318125
0 0.431640625 0.5335208333333333 0.01390625 0.022125
0 0.47021875 0.4957708333333333 0.025718750000000002 0.022375
0 0.391703125 0.5380833333333332 0.010265625 0.0179375
0 0.956890625 0.373125 0.012 0.012604166666666666
0 0.9284687500000001 0.3841875 0.011875 0.010145833333333333
0 0.985515625 0.4469583333333333 0.013843749999999998 0.019604166666666666
0 0.763484375 0.3186041666666667 0.0063281249999999995 0.009104166666666667