0 0.595046875 0.3733541666666667 0.080734375 0.062000000000000006
0 0.184203125 0.1153125 0.023375 0.0238125
0 0.368171875 0.379875 0.020499999999999997 0.0330625
0 0.32275 0.3876875 0.015015625 0.021041666666666667
0 0.653328125 0.9114583333333334 0.026265624999999997 0.0365
0 0.7060625 0.8802083333333334 0.029593750000000002 0.03629166666666667
0 0.6123125 0.7155 0.02034375 0.0329375
0 0.41675000000000006 0.3424583333333333 0.015671875 0.0243125
0 0.048953125 0.04597916666666667 0.026968750000000003 0.028770833333333336
0 0.6123125 0.15975 0.014109374999999999 0.021708333333333333
0 0.42065625000000006 0.4205833333333333 0.028937499999999998 0.0326875
0 0.286859375 0.43977083333333333 0.023953125 0.023875
0 0.603515625 0.29474999999999996 0.018687500000000003 0.024770833333333336
0 0.290765625 0.5120416666666666 0.083125 0.060270833333333336
0 0.614265625 0.9414166666666667 0.017249999999999998 0.03104166666666667
0 0.666015625 0.8046875 0.01834375 0.02625
0 0.9453125 0.6914166666666667 0.098578125 0.16089583333333335
0 0.241703125 0.44335416666666666 0.018687500000000003 0.017416666666666667
0 0.79590625 0.6848958333333334 0.024796875 0.020104166666666666
0 0.619625 0.31135416666666665 0.017906250000000002 0.023875
0 0.08728125 0.7929791666666667 0.01590625 0.018041666666666668
0 0.2998125 0.703125 0.014953125000000001 0.02325
0 0.186640625 0.887375 0.01890625 0.024916666666666667
0 0.4585 0.2734375 0.017781250000000002 0.03735416666666667
0 0.126953125 0.8795625 0.01628125 0.022208333333333333
0 0.147953125 0.6432291666666666 0.014953125000000001 0.019708333333333335