0 0.32715625 0.5475208333333333 0.017859375 0.025833333333333333
0 0.500984375 0.8112083333333333 0.014624999999999999 0.022125
0 0.47095312500000003 0.49543750000000003 0.01615625 0.024166666666666666
0 0.728515625 0.7818958333333333 0.015015625 0.021791666666666668
0 0.43628125000000006 0.49185416666666665 0.015125 0.019708333333333335
0 0.5493125 0.31983333333333336 0.018796874999999998 0.01964583333333333
0 0.76025 0.9472708333333333 0.013015625 0.024645833333333332
0 0.64990625 0.6087291666666667 0.014109374999999999 0.0248125
0 0.12659375 0.5533958333333333 0.018765625 0.018604166666666665
0 0.637703125 0.1605625 0.028875 0.036229166666666666
0 0.555171875 0.8587291666666667 0.022421875 0.03275
0 0.39184375 0.5397083333333333 0.025078125 0.029083333333333336
0 0.626953125 0.48991666666666667 0.013843749999999998 0.01964583333333333
0 0.770515625 0.5618541666666667 0.023234374999999998 0.032625
0 0.652828125 0.421875 0.019453124999999998 0.02325
0 0.361578125 0.473625 0.0199375 0.020562499999999997
0 0.708984375 0.467125 0.029375000000000002 0.04089583333333333
0 0.56934375 0.7695416666666667 0.013640625 0.022125
0 0.49048437500000003 0.5052083333333334 0.013734374999999998 0.019708333333333335
0 0.697265625 0.5058541666666667 0.018609375 0.018041666666666668
0 0.317625 0.5856041666666666 0.01590625 0.017708333333333333
0 0.1903125 0.6259791666666668 0.04009375 0.04479166666666667
0 0.59765625 0.35122916666666665 0.016921875 0.0195
0 0.605953125 0.9856874999999999 0.028484375 0.02664583333333333
0 0.480078125 0.442625 0.09817187499999999 0.10677083333333333
0 0.6756562500000001 0.6636041666666667 0.067453125 0.04525
0 0.579171875 0.9184166666666667 0.075 0.13822916666666665
0 0.44360937500000003 0.34375 0.05059375000000001 0.058791666666666666
0 0.56884375 0.6455 0.077390625 0.06489583333333333
0 0.397703125 0.4026666666666667 0.02225 0.029083333333333336