0 0.2085 0.2794583333333333 0.051171875 0.08829166666666667
0 0.563484375 0.4313125 0.068421875 0.058666666666666666
0 0.41040625000000003 0.43164583333333334 0.017296875 0.018458333333333334
0 0.56640625 0.2877708333333333 0.014171875 0.017416666666666667
0 0.789546875 0.5677083333333334 0.071234375 0.12785416666666666
0 0.63134375 0.6041666666666666 0.05632812499999999 0.12102083333333334
0 0.167609375 0.35741666666666666 0.022890625 0.03922916666666666
0 0.33325 0.5110625 0.038171875 0.055374999999999994
0 0.620125 0.473625 0.0483125 0.09310416666666667
0 0.53271875 0.8795625 0.069515625 0.06185416666666667
0 0.474125 0.6777291666666667 0.048125 0.06172916666666666
0 0.34009375 0.6145833333333334 0.041234375000000004 0.048666666666666664
0 0.556640625 0.38345833333333335 0.010562499999999999 0.016125
0 0.601078125 0.32747916666666665 0.0456875 0.07922916666666667
0 0.229734375 0.35058333333333336 0.035671875 0.060708333333333336
0 0.515140625 0.606125 0.04559375 0.05485416666666666
0 0.56396875 0.6194583333333333 0.04178125 0.041604166666666664
0 0.578125 0.75 0.046718749999999996 0.0575
0 0.258296875 0.22622916666666668 0.03628125 0.06429166666666666
0 0.775390625 0.4156875 0.016984375 0.023708333333333335
0 0.73290625 0.6455 0.04271875 0.06322916666666667
0 0.2578125 0.5299583333333333 0.08301562500000001 0.1171875
0 0.10559375 0.4964166666666667 0.11920312500000001 0.18310416666666668
0 0.72559375 0.36685416666666665 0.020796875 0.021791666666666668