0 0.566671875 0.473 0.05 0.046
0 0.625 0.45410416666666664 0.029078125 0.029729166666666664
0 0.5654375 0.543625 0.078796875 0.07360416666666666
0 0.51953125 0.6337916666666668 0.040921875 0.05497916666666667
0 0.681640625 0.7539166666666667 0.06867187500000001 0.0765
0 0.376703125 0.8971458333333333 0.081234375 0.06697916666666666
0 0.465328125 0.4804791666666667 0.02071875 0.025249999999999998
0 0.833984375 0.3398541666666667 0.01834375 0.0183125
0 0.42114062499999994 0.6171875 0.016015625 0.0199375
0 0.7085 0.3984375 0.012375 0.022125
0 0.557125 0.9557291666666666 0.025953125 0.04572916666666667
0 0.780734375 0.7634166666666666 0.019796875 0.026145833333333333
0 0.76465625 0.7161458333333334 0.0140625 0.016458333333333335
0 0.797359375 0.6468125 0.015187500000000001 0.014604166666666666
0 0.706546875 0.9277291666666667 0.016593749999999997 0.021541666666666667
0 0.675296875 0.8763124999999999 0.020515625000000003 0.02722916666666667
0 0.47826562499999997 0.5836666666666667 0.013843749999999998 0.015000000000000001
0 0.750984375 0.8222708333333333 0.0196875 0.019708333333333335
0 0.705078125 0.43066666666666664 0.01196875 0.015062500000000001
0 0.46900000000000003 0.8072916666666666 0.011734375 0.018041666666666668
0 0.8984375 0.3476666666666667 0.01525 0.018125
0 0.777828125 0.80925 0.013375000000000001 0.015645833333333335
0 0.8569375000000001 0.4248125 0.0174375 0.02033333333333333
0 0.46410937499999994 0.768875 0.01125 0.013458333333333333
0 0.49779687499999997 0.43554166666666666 0.014953125000000001 0.013416666666666667
0 0.732421875 0.4313125 0.012140624999999999 0.014812500000000001
0 0.655765625 0.9837291666666667 0.017781250000000002 0.020958333333333336
0 0.447265625 0.560875 0.011203125 0.014875
0 0.7841875 0.4404375 0.0108125 0.014479166666666666
0 0.365234375 0.4648541666666667 0.016015625 0.019104166666666665
0 0.94434375 0.6223958333333334 0.013421875 0.013729166666666666
0 0.96484375 0.6705833333333333 0.015078125000000001 0.016395833333333335
0 0.293703125 0.8997499999999999 0.01771875 0.023166666666666665
0 0.72803125 0.4814375 0.011328125 0.0131875
0 0.289796875 0.9550833333333333 0.01328125 0.0188125
0 0.36596875 0.5009791666666666 0.010453125 0.011708333333333333
0 0.42065625000000006 0.44433333333333336 0.009890625 0.011520833333333334
0 0.39696875 0.7916666666666666 0.010703124999999999 0.014604166666666666
0 0.8793906249999999 0.9932291666666667 0.0249375 0.0135625
0 0.8588906250000001 0.2400625 0.010906250000000001 0.014541666666666668
0 0.8032187499999999 0.0405 0.017249999999999998 0.026041666666666668
0 0.5805625 0.45085416666666667 0.013734374999999998 0.015520833333333334
0 0.8383749999999999 0.16072916666666667 0.014499999999999999 0.017979166666666668
0 0.47876562500000003 0.40625 0.0130625 0.0125625
0 0.23828125 0.8411458333333334 0.0200625 0.018187500000000002