0 0.613765625 0.36522916666666666 0.017249999999999998 0.014708333333333332
0 0.883796875 0.50325 0.009859375 0.015958333333333335
0 0.418453125 0.4661458333333333 0.012296875 0.0165625
0 0.56153125 0.8405 0.034999999999999996 0.052083333333333336
0 0.491703125 0.9056041666666667 0.023609375 0.03520833333333333
0 0.526375 0.44727083333333334 0.010328125 0.0143125
0 0.46459374999999997 0.39810416666666665 0.01234375 0.013291666666666667
0 0.672859375 0.7923125 0.026453125 0.035895833333333335
0 0.67040625 0.6757916666666667 0.018234375 0.0208125
0 0.590328125 0.3711041666666667 0.012531249999999999 0.010458333333333332
0 0.9838906250000001 0.6666666666666666 0.015421874999999998 0.017625000000000002
0 0.41796875 0.5133541666666667 0.0098125 0.015062500000000001
0 0.6748125 0.921875 0.016843749999999998 0.02335416666666667
0 0.604 0.7565208333333333 0.057499999999999996 0.0620625
0 0.640625 0.8496041666666667 0.037046875 0.05327083333333334
0 0.685546875 0.7402291666666667 0.023515625000000002 0.03691666666666667
0 0.647953125 0.7070416666666667 0.039281250000000004 0.044645833333333336
0 0.60625 0.9302499999999999 0.035421875000000005 0.050770833333333334
0 0.576171875 0.9804791666666667 0.03384375 0.03635416666666667
0 0.59278125 0.8040416666666667 0.0315 0.03952083333333333
0 0.516109375 0.9667916666666667 0.015015625 0.030979166666666665