0 0.679171875 0.2613958333333333 0.025 0.049895833333333334
0 0.54340625 0.2326666666666667 0.029281249999999998 0.06233333333333334
0 0.662796875 0.4111875 0.041359375 0.04425
0 0.519484375 0.4860416666666667 0.03184375 0.03127083333333333
0 0.5159687500000001 0.5271458333333333 0.028953125000000003 0.030729166666666665
0 0.790296875 0.34308333333333335 0.021296875 0.034854166666666665
0 0.20773437499999997 0.5541458333333333 0.01840625 0.029625000000000002
0 0.17028125 0.546875 0.017109375 0.02675
0 0.745609375 0.5634791666666668 0.046296875 0.05622916666666666
0 0.6118125 0.3763125 0.021625 0.025354166666666667
0 0.6586875 0.44987499999999997 0.027687499999999997 0.028479166666666667
0 0.76171875 0.5400416666666668 0.01178125 0.013354166666666667
0 0.281984375 0.10889583333333334 0.02521875 0.029833333333333333
0 0.62890625 0.6272708333333333 0.030671874999999998 0.027791666666666666
0 0.64746875 0.3177083333333333 0.020765625 0.023979166666666666
0 0.1014375 0.5839791666666667 0.0679375 0.058604166666666666
0 0.875 0.14908333333333335 0.0174375 0.023708333333333335
0 0.640625 0.3623125 0.013640625 0.01964583333333333
0 0.76171875 0.626625 0.00975 0.015520833333333334
0 0.8588906250000001 0.15812500000000002 0.015187500000000001 0.016125
0 0.50684375 0.2491875 0.013593749999999998 0.018666666666666668
0 0.349859375 0.7994791666666666 0.01621875 0.027166666666666665
0 0.396 0.8535208333333333 0.012046875 0.017770833333333333
0 0.23278125 0.512375 0.015484375 0.017708333333333333
0 0.657234375 0.6067708333333334 0.014171875 0.015291666666666667
0 0.8110312499999999 0.35352083333333334 0.05632812499999999 0.050812500000000003
0 0.449703125 0.8574166666666667 0.0116875 0.013458333333333333
0 0.729984375 0.49772916666666667 0.018234375 0.019270833333333334
0 0.61475 0.46320833333333333 0.01040625 0.015895833333333335