0 0.43481249999999994 0.3328541666666667 0.028703125000000003 0.025604166666666664
0 0.602546875 0.446625 0.022421875 0.0370625
0 0.40942187499999994 0.7070416666666667 0.0674375 0.1013125
0 0.9296875 0.3203125 0.027734375 0.03922916666666666
0 0.7915 0.3870416666666667 0.023609375 0.0243125
0 0.44701562499999997 0.46127083333333335 0.039484375 0.03960416666666667
0 0.49878125000000006 0.5208333333333334 0.06915625 0.08991666666666666
0 0.34496875 0.40852083333333333 0.028546875 0.030708333333333334
0 0.421875 0.5289791666666667 0.047328125 0.043854166666666666
0 0.387203125 0.5097708333333333 0.010609375 0.017104166666666667
0 0.8793906249999999 0.3245416666666667 0.029921874999999997 0.033