0 0.5118437499999999 0.51275 0.03671875 0.05258333333333333
0 0.34557812499999996 0.6301041666666667 0.0296875 0.07893750000000001
0 0.5 0.3789166666666667 0.04921875 0.0769375
0 0.56884375 0.36914583333333334 0.042171875 0.058479166666666665
0 0.62403125 0.2604166666666667 0.040984375 0.0404375
0 0.56934375 0.5905 0.0376875 0.0385
0 0.60303125 0.5527291666666667 0.03228125 0.044520833333333336
0 0.529296875 0.46191666666666664 0.028218749999999997 0.044875
0 0.48340625 0.42675 0.024281249999999997 0.027687499999999997
0 0.48290625 0.5432916666666666 0.03540625 0.06322916666666667
0 0.57178125 0.5136666666666667 0.02253125 0.028770833333333336
0 0.4506875 0.6097083333333334 0.029593750000000002 0.03989583333333333
0 0.61865625 0.3160833333333333 0.064390625 0.05610416666666666
0 0.630375 0.2225 0.02203125 0.027270833333333334
0 0.5913125 0.6025416666666668 0.025859375 0.028166666666666666
0 0.425296875 0.6617916666666667 0.02059375 0.04858333333333333
0 0.0808125 0.050041666666666665 0.0388125 0.04029166666666666
0 0.12598437499999998 0.03402083333333333 0.033484375 0.033625
0 0.1305 0.8912708333333333 0.021406249999999998 0.06949999999999999
0 0.038609375 0.0578125 0.034703125 0.03520833333333333
0 0.527828125 0.32599999999999996 0.014453125 0.028770833333333336
0 0.43579687500000003 0.5087916666666666 0.036078125 0.04739583333333333
0 0.661140625 0.14656249999999998 0.01390625 0.017166666666666667