0 0.446984375 0.0523125 0.02753125 0.06664583333333333
0 0.412109375 0.4189375 0.025468750000000002 0.022041666666666668
0 0.369390625 0.13191666666666665 0.013484375000000002 0.015770833333333335
0 0.3725625 0.3139583333333333 0.012718750000000001 0.014875
0 0.357421875 0.047125 0.014000000000000002 0.018666666666666668
0 0.671390625 0.4020208333333333 0.012296875 0.013354166666666667
0 0.344234375 0.4723333333333333 0.01615625 0.0266875
0 0.349359375 0.3139583333333333 0.010484375 0.012395833333333333
0 0.38525 0.55175 0.0145625 0.0163125
0 0.763671875 0.19172916666666667 0.012968750000000001 0.015583333333333334
0 0.45873437499999997 0.3811875 0.012875000000000001 0.016958333333333336
0 0.37865625 0.61425 0.009640625 0.016645833333333335
0 0.305671875 0.1535625 0.0091875 0.012166666666666666
0 0.6274375 0.4583333333333333 0.010203125 0.013729166666666666
0 0.554203125 0.3554791666666667 0.011109375000000001 0.012020833333333333
0 0.6123125 0.6380208333333334 0.011546875 0.01583333333333333
0 0.8149374999999999 0.14454166666666665 0.014624999999999999 0.015770833333333335
0 0.44825 0.3188541666666667 0.017296875 0.03720833333333333
0 0.365484375 0.33137500000000003 0.01678125 0.01625
0 0.70946875 0.05516666666666667 0.01890625 0.013729166666666666
0 0.307375 0.4436875 0.012921875 0.014604166666666666
0 0.747078125 0.08114583333333333 0.018765625 0.015583333333333334
0 0.581546875 0.3893333333333333 0.012625 0.023166666666666665
0 0.5546875 0.373375 0.00878125 0.011166666666666667
0 0.35815625 0.5491458333333333 0.0099375 0.012958333333333332
0 0.555671875 0.333 0.0090625 0.011083333333333334
0 0.57665625 0.6477916666666667 0.031375 0.050124999999999996