0 0.43628125000000006 0.7591249999999999 0.0558125 0.07764583333333334
0 0.412109375 0.0393125 0.08709375 0.060145833333333336
0 0.46875 0.8463541666666666 0.026453125 0.0400625
0 0.366703125 0.05264583333333333 0.012140624999999999 0.014041666666666668
0 0.432125 0.24691666666666665 0.0145625 0.0175
0 0.38159375 0.41179166666666667 0.04978125 0.07108333333333333
0 0.48267187500000003 0.05945833333333333 0.05090625 0.035895833333333335
0 0.570796875 0.5091249999999999 0.026921875 0.033625
0 0.511234375 0.4518333333333333 0.01890625 0.037562500000000006
0 0.11376562500000001 0.7408958333333333 0.02475 0.0370625
0 0.8002968750000001 0.14835416666666665 0.058015625 0.0393125
0 0.23914062500000002 0.15731250000000002 0.01584375 0.013875
0 0.32446875 0.02664583333333333 0.0199375 0.022291666666666664
0 0.168328125 0.7024791666666667 0.01484375 0.024166666666666666
0 0.42017187500000003 0.4189375 0.03775 0.04083333333333334
0 0.011109375000000001 0.5878958333333333 0.02165625 0.04191666666666667
0 0.551765625 0.6757916666666667 0.075984375 0.14502083333333332
0 0.693359375 0.4088541666666667 0.038906249999999996 0.0530625
0 0.144046875 0.5595625 0.033265625 0.029541666666666667
0 0.390140625 0.142 0.023734375 0.017104166666666667
0 0.27075 0.3095625 0.028171875000000002 0.050416666666666665