0 0.556640625 0.3854166666666667 0.0531875 0.06502083333333333
0 0.48853125000000003 0.33560416666666665 0.051937500000000004 0.05945833333333333
0 0.56153125 0.31835416666666666 0.0485 0.03858333333333333
0 0.55615625 0.26937500000000003 0.036984375 0.05345833333333334
0 0.44896874999999997 0.034083333333333334 0.043765625 0.05664583333333333
0 0.388671875 0.068 0.055937499999999994 0.0530625
0 0.540046875 0.45085416666666667 0.024515625 0.050416666666666665
0 0.5625 0.19141666666666665 0.047421875 0.080125
0 0.531734375 0.5338541666666666 0.023515625000000002 0.0380625
0 0.58203125 0.5589166666666666 0.0195625 0.0248125
0 0.48901562500000006 0.024604166666666667 0.0495 0.0491875
0 0.61328125 0.5738958333333334 0.031671875 0.027854166666666666
0 0.55371875 0.49120833333333336 0.03284375 0.032875
0 0.33959375 0.09985416666666666 0.023703125 0.033
0 0.5029375 0.1193125 0.01984375 0.0228125
0 0.453125 0.4635416666666667 0.018375 0.028833333333333332
0 0.4453125 0.3229166666666667 0.023859375 0.03164583333333333
0 0.49243750000000003 0.19483333333333333 0.046484375 0.088125
0 0.559078125 0.11329166666666667 0.027015624999999998 0.029375
0 0.306640625 0.066125 0.015484375 0.021354166666666667
0 0.42725 0.7513124999999999 0.013843749999999998 0.016645833333333335
0 0.288328125 0.734375 0.03528125 0.038625
0 0.55371875 0.5335208333333333 0.022890625 0.0238125
0 0.598140625 0.36035416666666664 0.025421875 0.030104166666666664
0 0.47876562500000003 0.6064375 0.012375 0.016895833333333332
0 0.40795312499999997 0.5208333333333334 0.016843749999999998 0.018666666666666668
0 0.5 0.7226666666666667 0.01771875 0.023