0 0.443359375 0.22020833333333334 0.01759375 0.0315
0 0.497953125 0.15195833333333333 0.01153125 0.00625
0 0.49439062500000003 0.165 0.015015625 0.014125
0 0.3779375 0.5091249999999999 0.023734375 0.05175
0 0.45165625 0.2732708333333333 0.014499999999999999 0.015895833333333335
0 0.43823437500000006 0.2435 0.010609375 0.013250000000000001
0 0.254640625 0.1285 0.016718749999999998 0.01964583333333333
0 0.49853125 0.27718750000000003 0.011921875 0.0175
0 0.342046875 0.06527083333333333 0.012875000000000001 0.014270833333333333
0 0.39990625 0.5133541666666667 0.014499999999999999 0.0329375
0 0.523921875 0.30093749999999997 0.014453125 0.021625000000000002
0 0.307375 0.42741666666666667 0.01065625 0.030000000000000002
0 0.477046875 0.28954166666666664 0.018046875 0.014541666666666668
0 0.327390625 0.067625 0.01328125 0.015708333333333335
0 0.222171875 0.14527083333333335 0.024046875000000002 0.023166666666666665
0 0.509765625 0.11800000000000001 0.007484375 0.009354166666666667
0 0.42114062499999994 0.2760416666666667 0.01159375 0.0149375
0 0.43042187500000006 0.7447916666666666 0.014390625 0.021541666666666667
0 0.404296875 0.6018958333333334 0.01584375 0.025416666666666664
0 0.386625 0.5405 0.013343749999999998 0.0249375
0 0.39428125 0.5583958333333333 0.015015625 0.01825
0 0.39459374999999997 0.3488125 0.015625 0.013666666666666666
0 0.44343750000000004 0.28329166666666666 0.01015625 0.02014583333333333
0 0.474296875 0.21595833333333334 0.012734375000000001 0.035145833333333334
0 0.459203125 0.25295833333333334 0.011375 0.016104166666666666
0 0.47490625 0.26316666666666666 0.007890625 0.010229166666666668