0 0.393625 0.21989583333333332 0.091921875 0.19952083333333331
0 0.383859375 0.3459375 0.06979687500000001 0.06964583333333334
0 0.2171875 0.5731875 0.048953125 0.04845833333333334
0 0.346484375 0.6631250000000001 0.04453125 0.08247916666666667
0 0.446359375 0.7099791666666667 0.080203125 0.16927083333333334
0 0.3100625 0.87175 0.03515625 0.08602083333333334
0 0.576171875 0.6386666666666667 0.068171875 0.09635416666666667
0 0.359375 0.7181041666666667 0.03515625 0.06937499999999999
0 0.365234375 0.2810833333333333 0.03353125 0.0530625
0 0.505859375 0.7070416666666667 0.04553125 0.05529166666666666
0 0.44701562499999997 0.8515625 0.082703125 0.13589583333333335
0 0.55078125 0.7675833333333333 0.046109375 0.06672916666666667
0 0.10968750000000001 0.903 0.021703125 0.029
0 0.29271875 0.8294374999999999 0.01909375 0.03339583333333333
0 0.52196875 0.6207708333333334 0.048953125 0.057937499999999996
0 0.648921875 0.7239583333333334 0.041140625 0.049770833333333334
0 0.586421875 0.8112083333333333 0.057796875000000004 0.06466666666666666
0 0.710453125 0.6376875 0.038390625 0.04747916666666666
0 0.22949999999999998 0.5481874999999999 0.022671875 0.022041666666666668
0 0.253171875 0.21485416666666665 0.01571875 0.025166666666666667
0 0.6279375 0.6178333333333333 0.022671875 0.028770833333333336
0 0.306390625 0.7135416666666666 0.027484375 0.0385
0 0.284421875 0.8678333333333333 0.0200625 0.035270833333333335
0 0.43529687499999997 0.956375 0.03371875 0.043625000000000004
0 0.281984375 0.9570416666666667 0.025953125 0.035479166666666666
0 0.099484375 0.8671875 0.012718750000000001 0.020395833333333332