0 0.417484375 0.19954166666666667 0.026500000000000003 0.04097916666666667
0 0.48975 0.4313125 0.041078125 0.0479375
0 0.5805625 0.35741666666666666 0.05645312500000001 0.06335416666666667
0 0.582515625 0.14029166666666668 0.017578125 0.027000000000000003
0 0.46118750000000003 0.2421875 0.034187499999999996 0.07666666666666666
0 0.49096875000000006 0.3893333333333333 0.042875 0.04635416666666667
0 0.171390625 0.14933333333333335 0.047421875 0.07162500000000001
0 0.483890625 0.671875 0.015187500000000001 0.02685416666666667
0 0.45434374999999994 0.14502083333333332 0.0288125 0.07291666666666667
0 0.439453125 0.32227083333333334 0.0145625 0.027583333333333335
0 0.46264062499999997 0.6308541666666667 0.017374999999999998 0.02352083333333333
0 0.419921875 0.2626875 0.026203125 0.023875
0 0.46459374999999997 0.5354791666666666 0.012296875 0.0230625
0 0.314703125 0.3100625 0.024 0.059812500000000005
0 0.562015625 0.1048125 0.0270625 0.024687499999999998
0 0.43359375 0.28841666666666665 0.015015625 0.024166666666666666
0 0.48315625000000006 0.4795 0.0174375 0.016833333333333332
0 0.49779687499999997 0.07854166666666668 0.012578125 0.017979166666666668
0 0.46965625 0.5856666666666667 0.025265625000000003 0.045625
0 0.463875 0.5742291666666667 0.023609375 0.0330625
0 0.42114062499999994 0.6451875 0.02071875 0.02654166666666667
0 0.394015625 0.09872916666666667 0.074484375 0.1585625
0 0.339453125 0.21208333333333332 0.09817187499999999 0.090125