0 0.60325 0.5216041666666666 0.037234375 0.03210416666666667
0 0.692875 0.32927083333333335 0.040984375 0.0389375
0 0.534671875 0.23600000000000002 0.017515625 0.029958333333333333
0 0.45581250000000006 0.14347916666666669 0.02303125 0.02335416666666667
0 0.49121875 0.120125 0.018015625 0.017833333333333333
0 0.559578125 0.5110625 0.02109375 0.029770833333333333
0 0.6171875 0.8203125 0.0238125 0.03325
0 0.54053125 0.6230416666666667 0.02190625 0.034229166666666665
0 0.579109375 0.5556666666666668 0.018875 0.02685416666666667
0 0.41576562499999997 0.17464583333333333 0.01809375 0.019874999999999997
0 0.385015625 0.16422916666666668 0.025078125 0.028166666666666666
0 0.36328125 0.1193125 0.021328125 0.025166666666666667
0 0.34740625 0.42512500000000003 0.09740625 0.08764583333333334
0 0.619625 0.22510416666666666 0.030953124999999998 0.0356875
0 0.3984375 0.25977083333333334 0.085578125 0.10279166666666667
0 0.346921875 0.8476666666666667 0.1326875 0.17904166666666665