0 0.41028125 0.39347916666666666 0.156515625 0.2966875
0 0.28490625 0.14054166666666665 0.025421875 0.023166666666666665
0 0.378421875 0.8990833333333333 0.02975 0.03960416666666667
0 0.4819375 0.21516666666666667 0.02096875 0.024354166666666666
0 0.3671875 0.1556875 0.035734375 0.0385
0 0.777828125 0.4791666666666667 0.22473437500000001 0.3268333333333333
0 0.551265625 0.17741666666666667 0.012015625 0.017291666666666667
0 0.49535937499999994 0.9348958333333334 0.014390625 0.0188125
0 0.599125 0.175625 0.018609375 0.018458333333333334
0 0.58984375 0.2265625 0.04959375 0.06835416666666667
0 0.828125 0.21695833333333334 0.23229687499999999 0.1589375
0 0.328859375 0.314125 0.01771875 0.018541666666666668
0 0.018437500000000002 0.07079166666666666 0.0268125 0.014270833333333333
0 0.733890625 0.528 0.020890625 0.031104166666666665
0 0.75928125 0.0980625 0.025468750000000002 0.02425