0 0.65859375 0.8349375 0.041140625 0.0719375
0 0.684578125 0.8118541666666667 0.03875 0.0544375
0 0.588875 0.5286458333333334 0.017781250000000002 0.02002083333333333
0 0.7993125 0.34602083333333333 0.018687500000000003 0.029895833333333333
0 0.83496875 0.8242291666666667 0.020421875 0.028874999999999998
0 0.860359375 0.512375 0.019375 0.029437500000000002
0 0.6328125 0.8990833333333333 0.016593749999999997 0.016770833333333336
0 0.602046875 0.5507916666666667 0.0205625 0.021541666666666667
0 0.515625 0.6455 0.048578125 0.058604166666666666
0 0.52246875 0.5335208333333333 0.02021875 0.024354166666666666
0 0.8754843749999999 0.36945833333333333 0.017781250000000002 0.016833333333333332
0 0.75634375 0.9368541666666667 0.07575 0.0861875
0 0.755859375 0.3854166666666667 0.025796875000000004 0.025833333333333333
0 0.528328125 0.5817083333333334 0.0298125 0.035895833333333335
0 0.48901562500000006 0.514 0.031859375 0.034937499999999996
0 0.43775000000000003 0.44075000000000003 0.01871875 0.018895833333333334
0 0.809578125 0.8522083333333333 0.013640625 0.0230625
0 0.48412499999999997 0.5094375 0.013328125 0.015708333333333335
0 0.89453125 0.7684375 0.0546875 0.10216666666666667