0 0.41309375 0.5309166666666667 0.02096875 0.0165625
0 0.623046875 0.55925 0.00971875 0.013458333333333333
0 0.14551562499999998 0.5820416666666667 0.019125 0.01933333333333333
0 0.543453125 0.6966249999999999 0.01834375 0.02352083333333333
0 0.5234375 0.5823541666666666 0.05996875 0.07360416666666666
0 0.47826562499999997 0.7897083333333333 0.01103125 0.0195
0 0.59765625 0.45247916666666665 0.018765625 0.027854166666666666
0 0.5341875 0.514 0.055515625 0.04810416666666666
0 0.57665625 0.5771458333333332 0.043609375 0.069125
0 0.17676562499999998 0.5299583333333333 0.015671875 0.020562499999999997
0 0.531734375 0.4088541666666667 0.015546874999999998 0.027583333333333335
0 0.90528125 0.7272083333333333 0.035546875 0.04597916666666667
0 0.66553125 0.3095625 0.036015625 0.0321875
0 0.568359375 0.7649791666666667 0.011328125 0.016020833333333335
0 0.085875 0.7200624999999999 0.014171875 0.020166666666666666
0 0.08178125 0.46679166666666666 0.037109375 0.03685416666666667
0 0.041078125 0.5185625 0.058015625 0.052083333333333336
0 0.190546875 0.47558333333333336 0.01390625 0.018041666666666668
0 0.911140625 0.4244791666666667 0.024234375 0.025791666666666668
0 0.620609375 0.35352083333333334 0.090875 0.06322916666666667
0 0.8545 0.7799583333333333 0.03284375 0.028479166666666667
0 0.469234375 0.8847708333333333 0.030375000000000003 0.0578125
0 0.572265625 0.33789583333333334 0.04840625 0.035083333333333334
0 0.08301562500000001 0.7487083333333333 0.02190625 0.025604166666666664
0 0.129390625 0.546875 0.024421875000000003 0.023708333333333335
0 0.504171875 0.8267916666666667 0.039578125 0.04872916666666667