0 0.315359375 0.5804375 0.09426562499999999 0.16714583333333335
0 0.565921875 0.5237708333333333 0.12067187500000001 0.18489583333333334
0 0.40625 0.5387291666666666 0.06359375 0.11864583333333334
0 0.142703125 0.87175 0.10614062500000002 0.16699999999999998
0 0.22590625000000003 0.8194791666666668 0.037765625000000004 0.12783333333333333
0 0.691890625 0.43554166666666666 0.07653125 0.11637499999999999
0 0.557625 0.4567083333333333 0.050234375 0.059375
0 0.398921875 0.8756458333333333 0.052828125000000004 0.120125
0 0.66796875 0.7369791666666666 0.041375 0.052458333333333336
0 0.687984375 0.14656249999999998 0.06109375 0.07595833333333334
0 0.11181250000000001 0.4726666666666667 0.067328125 0.08977083333333334
0 0.10265625 0.9173125 0.026968750000000003 0.0705625
0 0.618171875 0.19564583333333332 0.047515625 0.0915625