0 0.49439062500000003 0.29741666666666666 0.027828125 0.035
0 0.6591875 0.7669374999999999 0.019125 0.022916666666666665
0 0.8110312499999999 0.6757916666666667 0.02071875 0.018895833333333334
0 0.38428125 0.9772083333333333 0.01653125 0.021354166666666667
0 0.059203125 0.918625 0.016843749999999998 0.021541666666666667
0 0.743171875 0.6959583333333333 0.02475 0.0230625
0 0.128171875 0.7994791666666666 0.015609375 0.016895833333333332
0 0.9008749999999999 0.81575 0.025468750000000002 0.03160416666666667
0 0.2993125 0.6604791666666666 0.014109374999999999 0.01825
0 0.95996875 0.8769583333333333 0.024390625 0.026083333333333333
0 0.739265625 0.8209583333333333 0.02034375 0.030229166666666665
0 0.69825 0.7330833333333333 0.017781250000000002 0.021208333333333333
0 0.275640625 0.7962291666666667 0.013843749999999998 0.015645833333333335
0 0.604984375 0.7259166666666667 0.051937500000000004 0.039749999999999994
0 0.10504687500000001 0.887375 0.01990625 0.02664583333333333
0 0.541015625 0.3310625 0.02640625 0.02772916666666667
0 0.361328125 0.7454375 0.01196875 0.0165
0 0.5625 0.8489583333333334 0.047515625 0.0529375
0 0.10760937500000001 0.9492291666666667 0.017578125 0.024687499999999998
0 0.085078125 0.40560416666666665 0.0140625 0.015895833333333335
0 0.055109375 0.512375 0.019765625000000002 0.021270833333333336
0 0.21667187499999999 0.3685 0.030625000000000003 0.03791666666666667
0 0.48021874999999997 0.49902083333333336 0.06384375 0.06091666666666666
0 0.919609375 0.5169374999999999 0.160765625 0.10595833333333333
0 0.876953125 0.93425 0.020015625000000002 0.0195625
0 0.703125 0.6979166666666666 0.032234374999999996 0.03147916666666666
0 0.028937499999999998 0.7233125 0.015953125000000002 0.020104166666666666
0 0.8545 0.7747499999999999 0.041625 0.08666666666666667
0 0.6435625 0.1985625 0.03796875 0.06489583333333333
0 0.328859375 0.22493749999999998 0.04153125 0.0530625
0 0.42603125000000003 0.07820833333333334 0.02521875 0.021354166666666667
0 0.5029375 0.7434999999999999 0.0140625 0.0208125
0 0.276609375 0.46549999999999997 0.013328125 0.019104166666666665
0 0.478515625 0.654625 0.0780625 0.09456250000000001
0 0.8852343749999999 0.34441666666666665 0.08378125 0.15916666666666668