0 0.5859375 0.4557291666666667 0.0140625 0.0161875
0 0.51465625 0.762375 0.03790625 0.04802083333333333
0 0.469734375 0.7864583333333334 0.115359375 0.13614583333333333
0 0.448734375 0.3870416666666667 0.028765625 0.03820833333333333
0 0.23315625 0.46320833333333333 0.017781250000000002 0.01825
0 0.23021875 0.5166041666666666 0.027687499999999997 0.0256875
0 0.49439062500000003 0.5833333333333334 0.01390625 0.021875
0 0.4975625 0.33820833333333333 0.028015625 0.0225625
0 0.507328125 0.6341249999999999 0.0121875 0.01583333333333333
0 0.527828125 0.3720625 0.01353125 0.017291666666666667
0 0.526859375 0.44987499999999997 0.013171875 0.017291666666666667
0 0.42456250000000006 0.6712291666666667 0.0121875 0.016125
0 0.20226562499999998 0.6881458333333333 0.031984374999999995 0.0529375
0 0.472171875 0.6972708333333333 0.01209375 0.015895833333333335
0 0.22765624999999998 0.40689583333333335 0.015015625 0.016395833333333335
0 0.44506249999999997 0.6679791666666667 0.012875000000000001 0.0188125
0 0.3984375 0.4804791666666667 0.026109375 0.033499999999999995
0 0.47095312500000003 0.40560416666666665 0.020640625000000003 0.027416666666666666
0 0.527828125 0.4729791666666667 0.010453125 0.0143125
0 0.41576562499999997 0.5195416666666667 0.016718749999999998 0.0195625
0 0.91015625 0.1330625 0.012718750000000001 0.0125
0 0.22778125 0.5927708333333332 0.011640625 0.011666666666666665
0 0.53515625 0.48633333333333334 0.009671875 0.013500000000000002
0 0.21032812500000003 0.6057916666666666 0.012375 0.013875
0 0.40404687499999997 0.7461041666666667 0.0245625 0.03325
0 0.9321249999999999 0.12141666666666667 0.012625 0.012895833333333334
0 0.485359375 0.6344375 0.01065625 0.012854166666666667
0 0.426765625 0.9042916666666667 0.049953125 0.05558333333333333
0 0.48120312500000006 0.5169374999999999 0.010453125 0.013875
0 0.22082812500000001 0.7291666666666666 0.128046875 0.25747916666666665
0 0.5078125 0.5182291666666666 0.014390625 0.024645833333333332
0 0.238765625 0.5664166666666667 0.010984375000000001 0.011666666666666665
0 0.46875 0.48762500000000003 0.00959375 0.013291666666666667
0 0.3513125 0.5589166666666666 0.01984375 0.021041666666666667
0 0.380375 0.7109375 0.0110625 0.016645833333333335
0 0.727546875 0.5722708333333333 0.02178125 0.027520833333333335
0 0.48267187500000003 0.097 0.01125 0.014541666666666668
0 0.68115625 0.26579166666666665 0.009343750000000001 0.012958333333333332
0 0.25415625 0.4088541666666667 0.01009375 0.011895833333333333
0 0.593265625 0.5973333333333334 0.008921875 0.011125