0 0.554203125 0.5250625 0.025953125 0.02033333333333333
0 0.059203125 0.5943958333333333 0.11084374999999999 0.14860416666666668
0 0.215578125 0.6097083333333334 0.0171875 0.018895833333333334
0 0.37084375 0.47558333333333336 0.023421875 0.023166666666666665
0 0.671390625 0.5318958333333333 0.015125 0.01933333333333333
0 0.49535937499999994 0.5566458333333333 0.0304375 0.029666666666666668
0 0.45629687499999994 0.6005833333333332 0.0558125 0.06322916666666667
0 0.609859375 0.5026041666666666 0.026921875 0.017708333333333333
0 0.454109375 0.5045625 0.01809375 0.014375
0 0.016984375 0.5094375 0.03396875 0.03908333333333334
0 0.193609375 0.6621041666666667 0.01234375 0.019187500000000003
0 0.57715625 0.5644583333333333 0.027171875 0.026291666666666665
0 0.217046875 0.6474583333333332 0.01490625 0.020562499999999997
0 0.077515625 0.5784583333333334 0.017374999999999998 0.016395833333333335
0 0.6045 0.5550208333333334 0.022375 0.021270833333333336
0 0.27864062500000003 0.5512708333333334 0.296875 0.21991666666666668
0 0.5291718750000001 0.5474791666666667 0.0375 0.05258333333333333