0 0.618484375 0.7741875 0.0546875 0.06852083333333334
0 0.5489531249999999 0.6940000000000001 0.014578125 0.0261875
0 0.563546875 0.7205625 0.033328125 0.020291666666666666
0 0.61571875 0.5908125 0.034421875000000005 0.042979166666666666
0 0.31884375 0.35383333333333333 0.039859375 0.0393125
0 0.46314062500000003 0.5999375 0.0376875 0.05485416666666666
0 0.630859375 0.32585416666666667 0.055296875 0.04820833333333333
0 0.759765625 0.8112083333333333 0.0390625 0.0385
0 0.601078125 0.8828125 0.029484375 0.049041666666666664
0 0.726078125 0.7330833333333333 0.048578125 0.06116666666666667
0 0.456546875 0.35872916666666665 0.0571875 0.08764583333333334
0 0.5546875 0.4674583333333333 0.057499999999999996 0.07483333333333334
0 0.56640625 0.3408125 0.06671875000000001 0.09847916666666667
0 0.6748125 0.6204375 0.022890625 0.032125
0 0.787109375 0.26447916666666665 0.0378125 0.03520833333333333
0 0.458015625 0.44825 0.070921875 0.09985416666666666
0 0.651859375 0.158375 0.010609375 0.013833333333333333
0 0.48120312500000006 0.6692708333333334 0.019859375000000002 0.024166666666666666
0 0.479 0.4313125 0.0305 0.03858333333333333
0 0.31934375 0.3971458333333333 0.017984375 0.02002083333333333
0 0.59521875 0.6272708333333333 0.018796874999999998 0.020645833333333332
0 0.42017187500000003 0.6402916666666666 0.023515625000000002 0.02645833333333333
0 0.65528125 0.6191458333333333 0.015421874999999998 0.021458333333333336
0 0.484859375 0.5380833333333332 0.020499999999999997 0.019187500000000003
0 0.286140625 0.44335416666666666 0.021046875 0.0248125
0 0.934578125 0.1345208333333333 0.017640625 0.020895833333333332
0 0.23584375 0.32095833333333335 0.018187500000000002 0.021041666666666667
0 0.10284374999999998 0.7461041666666667 0.014171875 0.020729166666666667
0 0.663578125 0.8112083333333333 0.06348437500000001 0.047562499999999994
0 0.45923437500000003 0.3411458333333333 0.021359375 0.030916666666666665
0 0.869140625 0.4049583333333333 0.013218750000000001 0.014875
0 0.591796875 0.7044374999999999 0.032468750000000005 0.043708333333333335
0 0.017296875 0.6836041666666667 0.018125 0.0240625
0 0.77246875 0.8815208333333333 0.01428125 0.02025
0 0.340328125 0.8352916666666667 0.02390625 0.032625
0 0.6435625 0.19368749999999998 0.026109375 0.0330625
0 0.4375 0.26485416666666667 0.020828125 0.029020833333333333