0 0.470578125 0.5589166666666666 0.102609375 0.16575
0 0.648046875 0.47577083333333337 0.033078125 0.07933333333333333
0 0.197140625 0.28360416666666666 0.378640625 0.35816666666666663
0 0.458203125 0.1385 0.116921875 0.20685416666666667
0 0.672859375 0.5494791666666666 0.0365 0.03885416666666666
0 0.770515625 0.8443958333333333 0.05865625 0.06391666666666666
0 0.745609375 0.5397083333333333 0.012484375 0.022291666666666664
0 0.583984375 0.045125 0.012578125 0.020562499999999997
0 0.032640625 0.48241666666666666 0.06528125 0.1258125
0 0.7680625 0.7760416666666666 0.015609375 0.018187500000000002
0 0.9262343749999999 0.6972708333333333 0.14751562499999998 0.18716666666666668
0 0.98359375 0.2804375 0.0328125 0.035812500000000004
0 0.3205625 0.9277291666666667 0.16771875 0.14297916666666666
0 0.354734375 0.7981874999999999 0.12609375 0.11945833333333335
0 0.7421875 0.9283958333333333 0.01115625 0.012125
0 0.484859375 0.7818958333333333 0.0115 0.021541666666666667
0 0.540046875 0.7747499999999999 0.010906250000000001 0.015770833333333335
0 0.6118125 0.43847916666666664 0.014499999999999999 0.020645833333333332
0 0.5966875 0.643875 0.09534375 0.1045