0 0.605953125 0.49674999999999997 0.025718750000000002 0.043125
0 0.645015625 0.5247499999999999 0.038453125 0.0348125
0 0.33715625 0.5751875 0.02096875 0.03164583333333333
0 0.710453125 0.6673125 0.034546875 0.050333333333333334
0 0.852546875 0.6158958333333333 0.013640625 0.023708333333333335
0 0.522953125 0.361 0.01984375 0.019187500000000003
0 0.6586875 0.5996041666666667 0.021359375 0.0234375
0 0.762203125 0.8671875 0.023375 0.0335625
0 0.314453125 0.6608125 0.025265625000000003 0.037125
0 0.5415 0.5152916666666667 0.0391875 0.03916666666666667
0 0.8120156250000001 0.74675 0.017296875 0.02675
0 0.614265625 0.2765208333333333 0.01428125 0.01825
0 0.822265625 0.49543750000000003 0.01390625 0.017979166666666668
0 0.74609375 0.8144583333333333 0.018515625 0.033625
0 0.35034375 0.3720625 0.01571875 0.0225625
0 0.579109375 0.36262500000000003 0.018234375 0.026395833333333334
0 0.1903125 0.26758333333333334 0.017859375 0.021625000000000002
0 0.8862343750000001 0.38314583333333335 0.015125 0.024729166666666667
0 0.8618124999999999 0.4739583333333333 0.014234374999999999 0.016833333333333332
0 0.38646875 0.3217708333333333 0.013796875 0.015520833333333334
0 0.10760937500000001 0.8671875 0.024515625 0.04564583333333334
0 0.8442343749999999 0.3564375 0.0190625 0.041229166666666664
0 0.82715625 0.5976666666666667 0.02303125 0.035541666666666666
0 0.9350625000000001 0.24512499999999998 0.0145625 0.023875
0 0.71778125 0.5178958333333333 0.02328125 0.026583333333333334
0 0.36865625 0.4856875 0.014781250000000001 0.01825
0 0.52490625 0.41602083333333334 0.027953125000000002 0.029729166666666664
0 0.9038125000000001 0.625 0.01990625 0.029729166666666664
0 0.638671875 0.23308333333333334 0.02025 0.025104166666666667
0 0.47582812499999994 0.4257916666666667 0.03540625 0.04191666666666667
0 0.69384375 0.35741666666666666 0.017906250000000002 0.0183125
0 0.62890625 0.2661041666666667 0.012578125 0.016458333333333335