0 0.446296875 0.40299999999999997 0.01584375 0.01933333333333333
0 0.486328125 0.2827083333333333 0.013796875 0.015708333333333335
0 0.33178125 0.4609375 0.01665625 0.0160625
0 0.48120312500000006 0.3233958333333333 0.024281249999999997 0.02795833333333333
0 0.511234375 0.36164583333333333 0.015015625 0.017354166666666667
0 0.513671875 0.4765625 0.042171875 0.034479166666666665
0 0.276859375 0.42935416666666665 0.010953125 0.013354166666666667
0 0.520515625 0.7708333333333334 0.01353125 0.021270833333333336
0 0.366703125 0.25747916666666665 0.02409375 0.03658333333333333
0 0.564453125 0.46158333333333335 0.025625 0.02795833333333333
0 0.3825625 0.2682291666666667 0.04459375 0.04066666666666666
0 0.3569375 0.3863958333333333 0.053984374999999994 0.11329166666666667
0 0.301765625 0.432625 0.019203124999999998 0.018125
0 0.43432812500000006 0.7102916666666667 0.02859375 0.03333333333333333
0 0.49903125 0.27377083333333335 0.01115625 0.013041666666666667
0 0.5029375 0.4404375 0.023234374999999998 0.023625
0 0.46606249999999994 0.4583333333333333 0.012140624999999999 0.017979166666666668
0 0.4194375 0.5042291666666666 0.076296875 0.13835416666666667
0 0.591796875 0.6881458333333333 0.012828125000000001 0.018666666666666668
0 0.583015625 0.6901041666666666 0.012046875 0.017291666666666667
0 0.602046875 0.5859375 0.008984375 0.016958333333333336