0 0.7828125 0.21035416666666668 0.044796875 0.0519375
0 0.9609375 0.3229166666666667 0.026609375 0.034229166666666665
0 0.9545937500000001 0.9277291666666667 0.017046875 0.022458333333333334
0 0.537109375 0.8795625 0.0304375 0.04402083333333333
0 0.930671875 0.3265 0.01934375 0.023166666666666665
0 0.71778125 0.3942083333333333 0.01634375 0.022041666666666668
0 0.82421875 0.22883333333333333 0.021203125 0.028166666666666666
0 0.71240625 0.3815208333333333 0.014624999999999999 0.01941666666666667
0 0.69921875 0.19595833333333335 0.018546874999999997 0.0240625
0 0.95703125 0.3789166666666667 0.015187500000000001 0.01904166666666667
0 0.9555624999999999 0.27749999999999997 0.02253125 0.02675