0 0.5546875 0.5377500000000001 0.026046875000000004 0.03314583333333333
0 0.4194375 0.6054791666666667 0.0190625 0.022375
0 0.56153125 0.48925 0.017374999999999998 0.023166666666666665
0 0.531734375 0.49804166666666666 0.023609375 0.034479166666666665
0 0.39721875 0.5725833333333333 0.014671875000000001 0.027791666666666666
0 0.522953125 0.4544375 0.014109374999999999 0.015645833333333335
0 0.724125 0.6311875 0.018265625 0.022208333333333333
0 0.507328125 0.5152916666666667 0.0136875 0.015062500000000001
0 0.692390625 0.7304791666666667 0.06221875 0.06404166666666666
0 0.542484375 0.5667291666666666 0.013375000000000001 0.0160625
0 0.463375 0.6699166666666667 0.0255625 0.0331875
0 0.470703125 0.8014375 0.015125 0.018125
0 0.758796875 0.7916666666666666 0.027796875 0.02402083333333333
0 0.565921875 0.5872499999999999 0.013640625 0.014604166666666666
0 0.568359375 0.706375 0.012484375 0.01625
0 0.57278125 0.7703541666666667 0.085671875 0.12333333333333334
0 0.46484375 0.8607916666666667 0.0703125 0.09241666666666666
0 0.4734375 0.9451666666666667 0.040625 0.045875
0 0.46459374999999997 0.7337291666666667 0.055937499999999994 0.06902083333333334