0 0.287375 0.5092916666666667 0.035671875 0.04564583333333334
0 0.35676562500000003 0.5341041666666667 0.088546875 0.07097916666666666
0 0.62646875 0.5458958333333332 0.054296875 0.0530625
0 0.68359375 0.4807916666666667 0.069640625 0.06045833333333333
0 0.30053125 0.46679166666666666 0.034875 0.0319375
0 0.4873125 0.5260416666666666 0.06096875 0.051875
0 0.1925 0.46549999999999997 0.040531250000000005 0.021458333333333336
0 0.396234375 0.47591666666666665 0.035671875 0.025020833333333332
0 0.53759375 0.4879583333333333 0.033203125 0.0234375
0 0.340828125 0.46549999999999997 0.033265625 0.03691666666666667
0 0.453125 0.643875 0.0304375 0.025249999999999998
0 0.499515625 0.4739583333333333 0.04428125 0.04020833333333333
0 0.447265625 0.4583333333333333 0.048671874999999996 0.05610416666666666
0 0.43139062499999997 0.515625 0.03896875 0.027166666666666665
0 0.250734375 0.44595833333333335 0.040015625 0.060270833333333336
0 0.23975 0.49154166666666665 0.0235625 0.016770833333333336
0 0.34765625 0.6376875 0.024281249999999997 0.021708333333333333
0 0.618171875 0.46060416666666665 0.07421875 0.09041666666666666
0 0.374515625 0.5989583333333334 0.031078125 0.049770833333333334
0 0.182734375 0.4938125 0.016718749999999998 0.023166666666666665
0 0.572265625 0.5680416666666667 0.056546874999999996 0.059375