0 0.369390625 0.5358125 0.04553125 0.059375
0 0.517578125 0.5110625 0.023859375 0.02664583333333333
0 0.6743125 0.3606875 0.030953124999999998 0.04802083333333333
0 0.9545937500000001 0.8645833333333334 0.0195 0.034541666666666665
0 0.5336875 0.4495416666666667 0.019421874999999998 0.028166666666666666
0 0.3566875 0.6617916666666667 0.0314375 0.035604166666666666
0 0.46801562499999994 0.9850208333333333 0.025171875 0.026291666666666665
0 0.11737500000000001 0.370125 0.029203125000000003 0.028708333333333332
0 0.742671875 0.5999375 0.0315 0.0325625
0 0.50390625 0.5598958333333334 0.02175 0.0320625
0 0.31396875 0.065625 0.031859375 0.03104166666666667
0 0.35546875 0.3919375 0.044765624999999996 0.028604166666666667
0 0.8911093749999999 0.7506458333333333 0.030796875 0.04495833333333333