0 0.42162499999999997 0.26758333333333334 0.028546875 0.0280625
0 0.546390625 0.41960416666666667 0.069953125 0.08747916666666668
0 0.489265625 0.5234375 0.01590625 0.020645833333333332
0 0.189703125 0.43164583333333334 0.01984375 0.020958333333333336
0 0.63915625 0.2504791666666667 0.01609375 0.022458333333333334
0 0.54834375 0.3408125 0.02446875 0.028125
0 0.23145312499999998 0.4182916666666667 0.012875000000000001 0.014812500000000001
0 0.0910625 0.33820833333333333 0.023609375 0.021208333333333333
0 0.49609375 0.306 0.019234375 0.042395833333333334
0 0.047796875 0.43033333333333335 0.012421875 0.015708333333333335
0 0.43896875 0.3289375 0.013218750000000001 0.02272916666666667