0 0.49440625000000005 0.3770208333333333 0.017453125 0.03804166666666667
0 0.526375 0.46875 0.0190625 0.0261875
0 0.531734375 0.42870833333333336 0.029640624999999997 0.036083333333333335
0 0.625 0.36425 0.0140625 0.019187500000000003
0 0.25634375 0.8164166666666667 0.023609375 0.03045833333333333
0 0.356453125 0.8177083333333334 0.016468749999999997 0.022208333333333333
0 0.3620625 0.314125 0.018234375 0.015333333333333334
0 0.477046875 0.5003333333333333 0.015296874999999998 0.021208333333333333
0 0.776375 0.32079166666666664 0.015546874999999998 0.02002083333333333
0 0.69384375 0.4964166666666667 0.025468750000000002 0.02272916666666667
0 0.33740625 0.8815208333333333 0.02253125 0.023166666666666665
0 0.54834375 0.390625 0.034359375 0.02735416666666667
0 0.45629687499999994 0.37564583333333335 0.018125 0.023875
0 0.573734375 0.39160416666666664 0.015953125000000002 0.0165
0 0.416015625 0.42383333333333334 0.07520312500000001 0.0705625
0 0.634765625 0.7545625 0.0205625 0.026791666666666665
0 0.43871874999999994 0.21729166666666666 0.01621875 0.017416666666666667
0 0.73975 0.7050833333333333 0.03365625 0.055374999999999994
0 0.67334375 0.4593125 0.03875 0.032375
0 0.369875 0.4235 0.021453125 0.0328125
0 0.548828125 0.30012500000000003 0.015015625 0.0163125
0 0.59278125 0.48112499999999997 0.024796875 0.030645833333333334
0 0.10192187500000001 0.8307291666666666 0.043703124999999995 0.049479166666666664
0 0.857421875 0.6630833333333332 0.015546874999999998 0.01964583333333333
0 0.41528124999999994 0.8378958333333333 0.02084375 0.0238125
0 0.087703125 0.39810416666666665 0.037203125 0.03116666666666667
0 0.5029375 0.5556666666666668 0.018187500000000002 0.021270833333333336
0 0.53809375 0.893875 0.02475 0.02745833333333333
0 0.328609375 0.7389375 0.034937499999999996 0.036645833333333336
0 0.2893125 0.8066458333333333 0.01634375 0.019708333333333335
0 0.85546875 0.6992291666666667 0.047 0.04564583333333334
0 0.575203125 0.4414166666666667 0.02034375 0.029208333333333333
0 0.48120312500000006 0.6067708333333334 0.01615625 0.02002083333333333
0 0.3825625 0.7897083333333333 0.01209375 0.017166666666666667
0 0.479 0.44335416666666666 0.043703124999999995 0.049604166666666664
0 0.8842812500000001 0.40950000000000003 0.04184375 0.03429166666666667
0 0.704109375 0.43783333333333335 0.018187500000000002 0.01825
0 0.42748437499999997 0.3984375 0.01609375 0.01933333333333333
0 0.40160937499999994 0.6285833333333334 0.018578125 0.025354166666666667
0 0.366453125 0.8580833333333333 0.01665625 0.021458333333333336
0 0.48657812500000003 0.6595 0.01609375 0.0195625
0 0.390625 0.8242291666666667 0.01653125 0.022375
0 0.39428125 0.6901041666666666 0.015125 0.02002083333333333
0 0.44946875000000003 0.1920625 0.012578125 0.016708333333333332
0 0.318109375 0.8365833333333333 0.016015625 0.021458333333333336
0 0.595703125 0.45866666666666667 0.016593749999999997 0.01875