0 0.3870135835646352 0.5277903962743131 0.022106486371710775 0.02454715356407379
0 0.4156617660908578 0.5778111616706486 0.03579145194021751 0.022327471773716922
0 0.4850640357460613 0.43947098665100326 0.06782325458305109 0.11458953575946869
0 0.47277838510577386 0.9000984041754202 0.06903763435709412 0.06538007900474554
0 0.411865234375 0.5774739583333334 0.0280609130859375 0.027730305989583332
0 0.457763671875 0.8756510416666666 0.061309814453125 0.083740234375
0 0.56005859375 0.3876953125 0.015960693359375 0.020955403645833332
0 0.5625 0.48828125 0.016021728515625 0.021952311197916668
0 0.80810546875 0.5416666666666666 0.01483917236328125 0.024495442708333332
0 0.451416015625 0.5393880208333334 0.0322265625 0.033060709635416664
0 0.62744140625 0.564453125 0.015838623046875 0.0224609375
0 0.474609375 0.6822916666666666 0.0142822265625 0.0262451171875
0 0.755859375 0.3424479166666667 0.024139404296875 0.022379557291666668
0 0.51220703125 0.6712239583333334 0.01332855224609375 0.021464029947916668
0 0.364990234375 0.82421875 0.0207977294921875 0.0333251953125
0 0.448486328125 0.6578776041666666 0.01467132568359375 0.022725423177083332
0 0.5302734375 0.35546875 0.027069091796875 0.02496337890625
0 0.26953125 0.6393229166666666 0.01322174072265625 0.018819173177083332
0 0.53857421875 0.6240234375 0.0194549560546875 0.029032389322916668
0 0.48046875 0.62890625 0.0162200927734375 0.024495442708333332
0 0.607421875 0.58984375 0.0164031982421875 0.0186767578125
0 0.56982421875 0.5628255208333334 0.01332855224609375 0.019643147786458332
0 0.35302734375 0.7044270833333334 0.016021728515625 0.024129231770833332
0 0.47802734375 0.384765625 0.0279083251953125 0.025309244791666668
0 0.7861328125 0.3224283854166667 0.0160980224609375 0.020100911458333332
0 0.7177734375 0.5546875 0.026153564453125 0.0335693359375
0 0.326171875 0.8587239583333334 0.086181640625 0.13167317708333334
0 0.4326171875 0.775390625 0.0279083251953125 0.032450358072916664
0 0.7333984375 0.5550130208333334 0.0272216796875 0.032185872395833336
0 0.370361328125 0.5768229166666666 0.012054443359375 0.018900553385416668
0 0.451416015625 0.4573567708333333 0.020599365234375 0.029825846354166668
0 0.453125 0.4768880208333333 0.034942626953125 0.07430013020833333
0 0.62060546875 0.9264322916666666 0.118408203125 0.14152018229166666
0 0.67724609375 0.5921223958333334 0.0301055908203125 0.0408935546875
0 0.3779296875 0.734375 0.011199951171875 0.016255696614583332
0 0.6611328125 0.88671875 0.028106689453125 0.028483072916666668
0 0.82421875 0.23990885416666666 0.017303466796875 0.022115071614583332
0 0.60986328125 0.3172200520833333 0.01142120361328125 0.021199544270833332
0 0.46435546875 0.3974609375 0.0258636474609375 0.034077962239583336
0 0.63037109375 0.603515625 0.0196380615234375 0.026590983072916668
0 0.58642578125 0.76171875 0.058135986328125 0.14729817708333334
0 0.427001953125 0.7591145833333334 0.018402099609375 0.025655110677083332
0 0.62451171875 0.6809895833333334 0.0318603515625 0.027262369791666668
0 0.5859375 0.9427083333333334 0.04046630859375 0.07145182291666667
0 0.92529296875 0.26025390625 0.0836181640625 0.088623046875
0 0.495849609375 0.3649088541666667 0.017852783203125 0.028483072916666668
0 0.7802734375 0.08174641927083333 0.01306915283203125 0.025349934895833332
0 0.17333984375 0.15730794270833334 0.021331787109375 0.026143391927083332
0 0.036773681640625 0.3155924479166667 0.0723876953125 0.13859049479166666
0 0.4775390625 0.748046875 0.05419921875 0.059895833333333336
0 0.68701171875 0.6165364583333334 0.040771484375 0.048828125
0 0.3017578125 0.3951822916666667 0.037750244140625 0.042154947916666664
0 0.314453125 0.8938802083333334 0.0117340087890625 0.017557779947916668
0 0.4443359375 0.8990885416666666 0.0279541015625 0.04248046875
0 0.50732421875 0.4775390625 0.05645751953125 0.09716796875
0 0.467041015625 0.6331380208333334 0.012725830078125 0.018463134765625
0 0.67822265625 0.4169921875 0.033721923828125 0.035400390625
0 0.69970703125 0.9114583333333334 0.1492919921875 0.17252604166666666