0 0.3016875 0.9163333333333333 0.048703125 0.064625
0 0.152078125 0.5571875 0.022921875 0.030354166666666668
0 0.520515625 0.49316666666666664 0.016921875 0.0175
0 0.21471874999999999 0.6461666666666667 0.019234375 0.025166666666666667
0 0.49340624999999994 0.6253333333333334 0.025671875 0.03685416666666667
0 0.190671875 0.6279375 0.025515624999999997 0.03252083333333333
0 0.453609375 0.4739583333333333 0.020140625000000002 0.030708333333333334
0 0.21240625 0.69075 0.0249375 0.03502083333333333
0 0.5546875 0.6862083333333333 0.02271875 0.0348125
0 0.44825 0.9127708333333333 0.017859375 0.026041666666666668
0 0.193109375 0.75 0.044437500000000005 0.05497916666666667
0 0.4086875 0.5133541666666667 0.02165625 0.025104166666666667
0 0.509375 0.8514166666666667 0.05 0.06672916666666667