0 0.72803125 0.4182916666666667 0.017109375 0.02795833333333333
0 0.602546875 0.3479791666666667 0.017515625 0.025020833333333332
0 0.694828125 0.442375 0.015187500000000001 0.022291666666666664
0 0.789546875 0.4235 0.01484375 0.017562499999999998
0 0.786625 0.3811875 0.014499999999999999 0.017895833333333333
0 0.630375 0.32927083333333335 0.012765625 0.016958333333333336
0 0.782234375 0.29720833333333335 0.012968750000000001 0.017562499999999998
0 0.668953125 0.32697916666666665 0.035609375 0.042479166666666665
0 0.576171875 0.22037500000000002 0.01584375 0.022125
0 0.771 0.4935 0.01609375 0.022458333333333334
0 0.505859375 0.38508333333333333 0.01125 0.018458333333333334
0 0.536140625 0.9622499999999999 0.019453124999999998 0.029312500000000002
0 0.64453125 0.3086041666666667 0.017859375 0.029666666666666668
0 0.71778125 0.4570416666666667 0.021578125 0.034395833333333334