0 0.44362500000000005 0.38708333333333333 0.07734375 0.051250000000000004
0 0.484859375 0.7727916666666667 0.0419375 0.04545833333333334
0 0.45581250000000006 0.6370416666666666 0.064640625 0.06697916666666666
0 0.46459374999999997 0.4583333333333333 0.11596875 0.07308333333333333
0 0.543953125 0.7155 0.051000000000000004 0.05425
0 0.14965625 0.2799583333333333 0.0255625 0.0336875
0 0.5029375 0.5979791666666666 0.023234374999999998 0.029666666666666668
0 0.327875 0.08102083333333333 0.0241875 0.026291666666666665
0 0.5703125 0.5787708333333333 0.051171875 0.05695833333333333
0 0.72559375 0.247875 0.021984375 0.02675
0 0.17834375 0.515625 0.015359375 0.026395833333333334
0 0.29271875 0.4938125 0.018546874999999997 0.028770833333333336
0 0.411140625 0.26758333333333334 0.02025 0.019791666666666666
0 0.46484375 0.734375 0.040375 0.0496875
0 0.6328125 0.9309999999999999 0.025625 0.04183333333333333
0 0.33959375 0.7701875 0.01484375 0.021708333333333333
0 0.544921875 0.5917916666666667 0.012578125 0.016125
0 0.656734375 0.8945416666666667 0.012234375 0.016895833333333332
0 0.55225 0.7806041666666667 0.034875 0.04747916666666666
0 0.393796875 0.7213541666666666 0.028328125 0.051958333333333336
0 0.544921875 0.2578125 0.0196875 0.022291666666666664
0 0.52978125 0.671875 0.018187500000000002 0.024916666666666667
0 0.8046875 0.8125 0.025374999999999998 0.02795833333333333
0 0.693359375 0.23991666666666667 0.01871875 0.026395833333333334
0 0.49071875 0.44564583333333335 0.019609375000000002 0.020395833333333332
0 0.41235937500000003 0.8014375 0.025 0.042562499999999996
0 0.516609375 0.05354166666666667 0.013796875 0.023875
0 0.456546875 0.45508333333333334 0.021453125 0.02352083333333333
0 0.42090625 0.675125 0.028875 0.033125
0 0.95215625 0.1330625 0.027640625000000002 0.029312500000000002
0 0.563484375 0.5706458333333334 0.018484375 0.0245
0 0.917 0.6881458333333333 0.02859375 0.026291666666666665
0 0.567390625 0.4515 0.020140625000000002 0.021708333333333333