0 0.36457812500000003 0.3971458333333333 0.041671875000000004 0.05054166666666667
0 0.241015625 0.5098125 0.015890625 0.022395833333333334
0 0.41967187499999997 0.3466875 0.06118749999999999 0.060708333333333336
0 0.43237500000000006 0.40527083333333336 0.037046875 0.04695833333333333
0 0.3359375 0.26464583333333336 0.05234375 0.043125
0 0.359375 0.4436875 0.028171875000000002 0.03575
0 0.28784375 0.42904166666666665 0.027109375 0.044187500000000005
0 0.29590625 0.30533333333333335 0.029312500000000002 0.0321875
0 0.46704687500000003 0.8619791666666666 0.019640625000000002 0.02352083333333333
0 0.44165625000000003 0.6894583333333333 0.018265625 0.0195625
0 0.434078125 0.8170625 0.017374999999999998 0.022916666666666665
0 0.2580625 0.9388124999999999 0.040984375 0.048749999999999995
0 0.41576562499999997 0.44497916666666665 0.046546875 0.037562500000000006
0 0.4140625 0.8535208333333333 0.013484375000000002 0.017562499999999998
0 0.379890625 0.22933333333333333 0.020453125 0.027125
0 0.5078125 0.6783958333333333 0.0171875 0.014645833333333334
0 0.523921875 0.6181666666666668 0.01490625 0.0336875
0 0.43384375000000003 0.7825624999999999 0.02253125 0.02685416666666667
0 0.550296875 0.6790416666666667 0.013843749999999998 0.019104166666666665
0 0.299078125 0.7545625 0.010906250000000001 0.020958333333333336
0 0.26953125 0.8007916666666667 0.01609375 0.023625
0 0.84278125 0.6933541666666667 0.030859375 0.03116666666666667
0 0.69140625 0.41341666666666665 0.024421875000000003 0.02425
0 0.504390625 0.9003958333333333 0.01621875 0.020104166666666666
0 0.47387499999999994 0.7128958333333333 0.029203125000000003 0.0404375
0 0.715328125 0.984375 0.014953125000000001 0.017166666666666667
0 0.493171875 0.7493541666666667 0.025625 0.05054166666666667
0 0.8237343750000001 0.620125 0.032234374999999996 0.043541666666666666
0 0.22925 0.8821666666666667 0.012140624999999999 0.02002083333333333
0 0.67725 0.5556666666666668 0.012484375 0.015000000000000001
0 0.76171875 0.8847708333333333 0.012234375 0.0165625
0 0.70165625 0.5446041666666667 0.022890625 0.018666666666666668
0 0.53759375 0.4957708333333333 0.011421875 0.013833333333333333
0 0.11065624999999998 0.244625 0.029140624999999996 0.033499999999999995