0 0.397390625 0.544 0.065625 0.1011875
0 0.362546875 0.643875 0.081671875 0.18114583333333334
0 0.607421875 0.3737083333333333 0.045109375 0.05335416666666667
0 0.656734375 0.45247916666666665 0.04553125 0.041666666666666664
0 0.27465625 0.5126875 0.0378125 0.059895833333333336
0 0.388671875 0.32927083333333335 0.051265625 0.05345833333333334
0 0.271734375 0.29572916666666665 0.031609375 0.0530625
0 0.53028125 0.706375 0.038328125000000005 0.0491875
0 0.609375 0.7102916666666667 0.048671874999999996 0.09579166666666666
0 0.590828125 0.47883333333333333 0.047796875 0.04802083333333333
0 0.743171875 0.4388125 0.012671874999999999 0.016020833333333335
0 0.554203125 0.5439375 0.1121875 0.07441666666666666
0 0.72021875 0.7584583333333333 0.01209375 0.0165