0 0.511578125 0.39429166666666665 0.045671875 0.0374375
0 0.11417187499999999 0.39158333333333334 0.023453125 0.02783333333333333
0 0.501421875 0.5772708333333333 0.040984375 0.03847916666666666
0 0.48312499999999997 0.7684583333333334 0.020015625000000002 0.04133333333333333
0 0.537546875 0.5489999999999999 0.022515625 0.021541666666666667
0 0.48559374999999994 0.7155 0.0171875 0.03858333333333333
0 0.124875 0.5869166666666668 0.04146875 0.04191666666666667
0 0.668953125 0.6022083333333333 0.03396875 0.04589583333333334
0 0.499515625 0.5045625 0.028218749999999997 0.06172916666666666
0 0.5029375 0.342125 0.02828125 0.03783333333333334
0 0.599125 0.5680416666666667 0.029249999999999998 0.04058333333333333
0 0.8647500000000001 0.5729166666666666 0.038109375 0.034937499999999996
0 0.63184375 0.6246666666666666 0.022203125 0.025416666666666664
0 0.453609375 0.4886041666666667 0.026203125 0.057708333333333334
0 0.44434375 0.7916666666666666 0.02365625 0.026895833333333334
0 0.432625 0.7304791666666667 0.04046875 0.06527083333333333
0 0.921875 0.5849583333333332 0.0305 0.07133333333333333
0 0.56153125 0.5960208333333333 0.04959375 0.03858333333333333
0 0.02328125 0.5117291666666667 0.04459375 0.07239583333333334
0 0.49071875 0.6175208333333334 0.022625 0.06872916666666667
0 0.362796875 0.9863333333333333 0.017781250000000002 0.0261875
0 0.44262499999999994 0.9427083333333334 0.015421874999999998 0.0208125
0 0.092046875 0.4231875 0.025671875 0.039
0 0.49682812500000006 0.24185416666666668 0.012765625 0.0208125
0 0.567390625 0.5598958333333334 0.031921875 0.0270625
0 0.16046875 0.29339583333333336 0.025625 0.0331875
0 0.025406250000000002 0.5616041666666667 0.02475 0.033979166666666664
0 0.025078125 0.5964791666666667 0.0219375 0.03135416666666667