0 0.542453125 0.3905416666666667 0.038015625 0.09983333333333334
0 0.5265625 0.6007708333333334 0.053125 0.051520833333333335
0 0.615625 0.55475 0.158328125 0.21297916666666666
0 0.557125 0.39779166666666665 0.05890625000000001 0.07954166666666666
0 0.526375 0.69075 0.04690625 0.04666666666666666
0 0.532234375 0.5475208333333333 0.038234375 0.07666666666666666
0 0.534671875 0.7838541666666666 0.05890625000000001 0.06787499999999999
0 0.6904375 0.35058333333333336 0.025953125 0.037125
0 0.318609375 0.39975 0.080203125 0.06279166666666666
0 0.41870312500000006 0.38183333333333336 0.03803125 0.062875
0 0.2395 0.361 0.020890625 0.017979166666666668