0 0.512703125 0.2596041666666667 0.056125 0.05327083333333334
0 0.666015625 0.22510416666666666 0.048859375 0.06335416666666667
0 0.493171875 0.39387500000000003 0.028484375 0.05835416666666667
0 0.598140625 0.2797916666666667 0.049312499999999995 0.0410625
0 0.629890625 0.27847916666666667 0.034484375 0.04135416666666667
0 0.33471875 0.8554791666666667 0.031140624999999998 0.06241666666666667
0 0.504890625 0.16927083333333334 0.04296875 0.09472916666666667
0 0.4375 0.30681250000000004 0.038390625 0.04704166666666666
0 0.494140625 0.45345833333333335 0.025750000000000002 0.059250000000000004
0 0.44115624999999997 0.13404166666666667 0.035828125 0.08666666666666667
0 0.42309374999999994 0.484375 0.05632812499999999 0.0996875
0 0.500484375 0.08308333333333334 0.04146875 0.07014583333333334
0 0.4975625 0.30354166666666665 0.027328124999999998 0.06872916666666667
0 0.61621875 0.22558333333333333 0.047328125 0.0329375
0 0.773921875 0.26529166666666665 0.065609375 0.07666666666666666
0 0.662109375 0.048749999999999995 0.01809375 0.029604166666666668
0 0.443359375 0.2303125 0.0255625 0.03402083333333333
0 0.687015625 0.07162500000000001 0.014781250000000001 0.020895833333333332
0 0.54296875 0.918625 0.07275000000000001 0.11735416666666666
0 0.4921875 0.529625 0.02203125 0.057625
0 0.7216875 0.6608125 0.015484375 0.022041666666666668
0 0.569828125 0.21354166666666666 0.034999999999999996 0.03141666666666667
0 0.37890625 0.2620416666666667 0.011375 0.01825
0 0.96484375 0.4557291666666667 0.01578125 0.016895833333333332
0 0.495125 0.8294374999999999 0.010249999999999999 0.015395833333333333
0 0.440921875 0.7799583333333333 0.020140625000000002 0.02645833333333333
0 0.44018750000000006 0.56575 0.031609375 0.03945833333333334