0 0.4014375 0.48670833333333335 0.045046875 0.07689583333333333
0 0.44075 0.8564583333333334 0.055984374999999996 0.128875
0 0.440625 0.5367083333333333 0.058328124999999995 0.07966666666666668
0 0.631765625 0.47075 0.034375 0.058854166666666666
0 0.569796875 0.5551041666666666 0.035421875000000005 0.0261875
0 0.58503125 0.5795833333333333 0.021609375 0.043895833333333335
0 0.758328125 0.45860416666666665 0.027078124999999998 0.0415
0 0.22174999999999997 0.5716041666666667 0.029421874999999997 0.048749999999999995
0 0.45729687500000005 0.95125 0.039578125 0.04764583333333334
0 0.44310937499999997 0.8235625 0.05965625 0.07625
0 0.398921875 0.7630208333333334 0.06021875 0.08747916666666668
0 0.3545 0.5214791666666667 0.022375 0.026145833333333333
0 0.365234375 0.5514375 0.05890625000000001 0.04529166666666666
0 0.646 0.27229166666666665 0.021015625 0.02675
0 0.3830625 0.7630208333333334 0.014734375 0.029145833333333333
0 0.296875 0.4713541666666667 0.019640625000000002 0.0238125
0 0.26440625 0.5693333333333332 0.044765624999999996 0.050812500000000003
0 0.762203125 0.6328125 0.039703125 0.06966666666666667
0 0.672859375 0.7760416666666666 0.01428125 0.023875
0 0.9125937499999999 0.32129166666666664 0.036828125 0.05558333333333333
0 0.5756875 0.8203125 0.018515625 0.020729166666666667
0 0.35009375 0.5084583333333333 0.02390625 0.024687499999999998
0 0.310796875 0.6637291666666666 0.041234375000000004 0.0370625
0 0.500484375 0.48275 0.01809375 0.0199375
0 0.57421875 0.2491875 0.019015625 0.0335625
0 0.9682656250000001 0.16593750000000002 0.021703125 0.025791666666666668
0 0.45824999999999994 0.7128958333333333 0.023328124999999998 0.03575
0 0.421390625 0.9446666666666667 0.01634375 0.0238125
0 0.387703125 0.477875 0.037203125 0.042562499999999996
0 0.224859375 0.6074166666666667 0.04328125 0.04720833333333333
0 0.650875 0.3203125 0.015609375 0.0183125
0 0.73584375 0.07735416666666667 0.020640625000000003 0.0243125
0 0.46484375 0.37174999999999997 0.013640625 0.017354166666666667
0 0.378421875 0.6204375 0.018984375 0.01825
0 0.536140625 0.8125 0.016593749999999997 0.022458333333333334
0 0.55859375 0.5136666666666667 0.0206875 0.021125
0 0.723640625 0.6595 0.015078125000000001 0.019270833333333334
0 0.46118750000000003 0.7727916666666667 0.063046875 0.05485416666666666
0 0.78125 0.09072916666666667 0.036828125 0.037625
0 0.900390625 0.07458333333333332 0.06359375 0.058020833333333334
0 0.473640625 0.495125 0.012625 0.016895833333333332
0 0.453125 0.63575 0.01584375 0.017562499999999998
0 0.44360937500000003 0.35352083333333334 0.012578125 0.0161875
0 0.51465625 0.6757916666666667 0.017859375 0.016958333333333336
0 0.509765625 0.94075 0.04178125 0.058916666666666666
0 0.344 0.43716666666666665 0.0364375 0.034333333333333334
0 0.578609375 0.6591875 0.013328125 0.015520833333333334