0 0.595703125 0.13883333333333334 0.04271875 0.044645833333333336
0 0.4453125 0.2400625 0.07171875 0.10352083333333333
0 0.2319375 0.150875 0.057796875000000004 0.05314583333333334
0 0.52246875 0.8808541666666667 0.06982812499999999 0.15672916666666667
0 0.14965625 0.22477083333333334 0.047328125 0.058020833333333334
0 0.389890625 0.6914166666666667 0.017374999999999998 0.0195625
0 0.13953125 0.796875 0.020796875 0.0405
0 0.733890625 0.19483333333333333 0.091859375 0.07483333333333334
0 0.76171875 0.09285416666666667 0.041328125 0.045125
0 0.499515625 0.7643333333333333 0.064390625 0.050979166666666666
0 0.5336875 0.2773541666666667 0.030156250000000002 0.04520833333333333
0 0.629390625 0.5582708333333334 0.0808125 0.07470833333333333