0 0.132203125 0.5784583333333334 0.019421874999999998 0.02002083333333333
0 0.178828125 0.46225 0.015546874999999998 0.020729166666666667
0 0.84375 0.7890625 0.028703125000000003 0.027791666666666666
0 0.11615625 0.5348333333333334 0.025078125 0.025645833333333333
0 0.921875 0.4166666666666667 0.022468750000000003 0.024583333333333336
0 0.45728125000000003 0.9160208333333333 0.02975 0.059125
0 0.0305625 0.49966666666666665 0.047515625 0.0555
0 0.618171875 0.34960416666666666 0.11596875 0.08464583333333334
0 0.408203125 0.5335208333333333 0.019984375 0.015958333333333335
0 0.067078125 0.7610625 0.0231875 0.027583333333333335
0 0.171015625 0.4938125 0.0196875 0.020958333333333336
0 0.8984375 0.7389375 0.02865625 0.035479166666666666
0 0.16515625 0.5218125 0.013375000000000001 0.01933333333333333
0 0.0701875 0.7259166666666667 0.013484375000000002 0.018458333333333334
0 0.067328125 0.4401041666666667 0.03528125 0.038625
0 0.520015625 0.6005833333333332 0.0625625 0.08218750000000001
0 0.53125 0.5253958333333333 0.05728124999999999 0.05516666666666667
0 0.57421875 0.6009166666666667 0.04321875 0.07402083333333334
0 0.560546875 0.7994791666666666 0.01159375 0.016645833333333335
0 0.930671875 0.4501875 0.01678125 0.02033333333333333
0 0.47559375 0.8828125 0.0676875 0.126875
0 0.608890625 0.5224583333333334 0.012578125 0.014145833333333333
0 0.395015625 0.7141875 0.015015625 0.01941666666666667
0 0.900390625 0.14347916666666669 0.026109375 0.03691666666666667
0 0.903328125 0.831375 0.018640625 0.018187500000000002
0 0.53271875 0.407875 0.017578125 0.03116666666666667
0 0.378421875 0.8190208333333333 0.012875000000000001 0.017291666666666667
0 0.9711874999999999 0.7493541666666667 0.022296875 0.0245
0 0.579109375 0.7610625 0.0098125 0.0161875
0 0.60059375 0.46418750000000003 0.019171874999999998 0.03160416666666667
0 0.677734375 0.3123333333333333 0.04321875 0.03885416666666666
0 0.539546875 0.3779375 0.023109374999999998 0.022208333333333333
0 0.20056250000000003 0.34310416666666665 0.01771875 0.01941666666666667