0 0.40259375000000003 0.3776041666666667 0.0249375 0.042645833333333334
0 0.42334375 0.4830833333333333 0.0225 0.0266875
0 0.62646875 0.6045 0.046109375 0.0595625
0 0.356203125 0.49804166666666666 0.014453125 0.017416666666666667
0 0.3933125 0.2233125 0.0171875 0.020895833333333332
0 0.720703125 0.49935416666666665 0.0206875 0.021354166666666667
0 0.53759375 0.6888124999999999 0.016015625 0.021708333333333333
0 0.44556250000000003 0.9114583333333334 0.179203125 0.16991666666666666
0 0.455078125 0.7089791666666667 0.015187500000000001 0.01964583333333333
0 0.395015625 0.5992916666666667 0.07520312500000001 0.05366666666666667
0 0.60546875 0.5634791666666668 0.01809375 0.021625000000000002
0 0.513671875 0.7265625 0.018265625 0.0188125
0 0.523921875 0.87175 0.019796875 0.01933333333333333
0 0.563484375 0.42089583333333336 0.012015625 0.014208333333333333
0 0.47021875 0.8795625 0.014328125 0.0228125