0 0.6381875 0.706375 0.04015625 0.0410625
0 0.41381249999999997 0.637375 0.03403125 0.045125
0 0.48510937500000006 0.5084583333333333 0.01115625 0.013145833333333332
0 0.18115625 0.5742291666666667 0.019265625 0.02002083333333333
0 0.701171875 0.6673125 0.05059375000000001 0.06360416666666667
0 0.44701562499999997 0.5719375 0.01653125 0.018604166666666665
0 0.35278125 0.49283333333333335 0.016593749999999997 0.019874999999999997
0 0.55078125 0.6630833333333332 0.010984375000000001 0.015895833333333335
0 0.46753125000000006 0.3398541666666667 0.013953125 0.017020833333333332
0 0.61571875 0.41602083333333334 0.025328125 0.020729166666666667
0 0.466796875 0.08545833333333334 0.02253125 0.025208333333333333
0 0.447265625 0.6432291666666666 0.030328125 0.04029166666666666
0 0.56884375 0.42414583333333333 0.020499999999999997 0.0228125
0 0.557125 0.6178333333333333 0.017984375 0.0143125
0 0.63428125 0.49445833333333333 0.017640625 0.01904166666666667
0 0.562984375 0.3606875 0.0136875 0.017416666666666667
0 0.39428125 0.5152916666666667 0.030859375 0.02625
0 0.412109375 0.7291666666666666 0.072515625 0.068
0 0.3203125 0.35254166666666664 0.0136875 0.01964583333333333
0 0.69434375 0.5856041666666666 0.013484375000000002 0.015333333333333334
0 0.71778125 0.5794374999999999 0.01178125 0.011354166666666667
0 0.646484375 0.44629166666666664 0.020453125 0.0195
0 0.421390625 0.0328125 0.01590625 0.023
0 0.532234375 0.2838541666666667 0.018546874999999997 0.015291666666666667
0 0.390109375 0.430625 0.040625 0.10014583333333334
0 0.397390625 0.903 0.023953125 0.041416666666666664
0 0.24167187499999998 0.6903541666666667 0.027609375000000002 0.018895833333333334
0 0.663578125 0.5771458333333332 0.024656249999999998 0.02645833333333333
0 0.65478125 0.49543750000000003 0.015187500000000001 0.01904166666666667