0 0.286375 0.560875 0.27246875 0.161375
0 0.693359375 0.431 0.094359375 0.05335416666666667
0 0.18859375 0.5439375 0.016468749999999997 0.026041666666666668
0 0.76075 0.9244791666666666 0.019453124999999998 0.03383333333333333
0 0.7993125 0.550125 0.01678125 0.023166666666666665
0 0.774421875 0.48893749999999997 0.032109375 0.03679166666666667
0 0.693359375 0.6972708333333333 0.020374999999999997 0.022916666666666665
0 0.785640625 0.7604166666666666 0.06348437500000001 0.059041666666666666
0 0.077515625 0.9702500000000001 0.044 0.0595
0 0.8168906249999999 0.6783958333333333 0.015359375 0.028270833333333335
0 0.44214062500000006 0.3107083333333333 0.051000000000000004 0.03225
0 0.25025 0.27668750000000003 0.0479375 0.042229166666666665
0 0.10821875 0.7141875 0.02346875 0.02745833333333333
0 0.230953125 0.5097708333333333 0.163453125 0.06710416666666667
0 0.360109375 0.8515625 0.02215625 0.023
0 0.622078125 0.49154166666666665 0.0376875 0.027854166666666666
0 0.12878125 0.9414166666666667 0.0229375 0.0331875
0 0.6484375 0.3580833333333333 0.01584375 0.0165
0 0.266359375 0.5758541666666667 0.023109374999999998 0.04739583333333333
0 0.8383749999999999 0.5621666666666666 0.04840625 0.045375000000000006
0 0.62646875 0.675125 0.027109375 0.0318125
0 0.261234375 0.6764375 0.02284375 0.028833333333333332
0 0.555171875 0.33366666666666667 0.019765625000000002 0.0165
0 0.609859375 0.15625 0.022671875 0.030916666666666665
0 0.29809375 0.2734375 0.0268125 0.04089583333333333
0 0.508796875 0.473625 0.07653125 0.07608333333333334
0 0.44128125 0.5356666666666666 0.036203125 0.056749999999999995
0 0.5350312500000001 0.2881458333333333 0.02578125 0.02695833333333333
0 0.51640625 0.5967708333333334 0.0484375 0.06785416666666667
0 0.63515625 0.5946874999999999 0.181765625 0.17477083333333335
0 0.62353125 0.4283958333333333 0.028703125000000003 0.030395833333333334
0 0.44848437499999994 0.25716666666666665 0.03284375 0.039749999999999994
0 0.4975625 0.361 0.03790625 0.03377083333333333
0 0.079046875 0.4749375 0.11315625 0.12875
0 0.540046875 0.4088541666666667 0.021453125 0.027416666666666666
0 0.06109375 0.32697916666666665 0.11554687500000001 0.16227083333333334
0 0.903125 0.7981250000000001 0.035421875000000005 0.06779166666666667
0 0.743234375 0.5861875 0.028125 0.050145833333333334
0 0.0196875 0.8684999999999999 0.030328125 0.027583333333333335
0 0.274421875 0.2620416666666667 0.03125 0.03629166666666667
0 0.09221875 0.8294374999999999 0.03934375 0.062875
0 0.018765625 0.9609375 0.020499999999999997 0.032875
0 0.56934375 0.2674166666666667 0.020796875 0.0230625
0 0.44479687500000004 0.8621875 0.045828125 0.0813125