0 0.524421875 0.7037708333333333 0.04959375 0.060145833333333336
0 0.396 0.8079375 0.05965625 0.10114583333333332
0 0.5600625 0.3545 0.0571875 0.08666666666666667
0 0.44653124999999994 0.5696666666666667 0.08228125 0.09310416666666667
0 0.65528125 0.4010416666666667 0.01840625 0.02325
0 0.47826562499999997 0.7115833333333333 0.01590625 0.02402083333333333
0 0.28003125 0.4726666666666667 0.022468750000000003 0.0261875
0 0.379640625 0.4339166666666667 0.04296875 0.050895833333333335
0 0.52734375 0.8086041666666667 0.0703125 0.065625
0 0.438484375 0.7825624999999999 0.019296874999999998 0.020166666666666666
0 0.638671875 0.348625 0.028937499999999998 0.057291666666666664
0 0.56103125 0.6777291666666667 0.012375 0.021125
0 0.691890625 0.10074999999999999 0.012375 0.020645833333333332
0 0.215328125 0.4957708333333333 0.018609375 0.018187500000000002
0 0.660640625 0.276375 0.027109375 0.032
0 0.33409374999999997 0.523 0.014765625 0.03766666666666666
0 0.26349999999999996 0.7801666666666667 0.058234375000000005 0.1353125
0 0.44896874999999997 0.495125 0.015078125000000001 0.0175
0 0.22253124999999999 0.6940208333333333 0.01640625 0.026291666666666665
0 0.401375 0.7285208333333333 0.0376875 0.04635416666666667
0 0.354984375 0.6116458333333333 0.055109375 0.0704375
0 0.311765625 0.5891875 0.060640625000000004 0.07995833333333334
0 0.45532812500000003 0.8652291666666667 0.017109375 0.0183125
0 0.711921875 0.0769375 0.015421874999999998 0.024687499999999998
0 0.439453125 0.33658333333333335 0.009515625 0.010958333333333332
0 0.12273437499999999 0.3032291666666667 0.015609375 0.020729166666666667