0 0.179421875 0.43777083333333333 0.061984375 0.08316666666666667
0 0.178953125 0.46060416666666665 0.0454375 0.13499999999999998
0 0.47095312500000003 0.8177083333333334 0.08709375 0.13614583333333333
0 0.21325 0.42643749999999997 0.13159375 0.20752083333333332
0 0.61865625 0.4804791666666667 0.036015625 0.11181250000000001
0 0.276125 0.30874999999999997 0.07653125 0.08235416666666667
0 0.705078125 0.526375 0.026765624999999998 0.137125
0 0.44751562500000003 0.5045625 0.10265625 0.25879166666666664
0 0.43115625 0.4807916666666667 0.02284375 0.06002083333333333
0 0.53028125 0.7018333333333333 0.055515625 0.06045833333333333
0 0.360359375 0.7395833333333334 0.013421875 0.025354166666666667