0 0.6015625 0.3433333333333334 0.036453124999999996 0.07485416666666667
0 0.553390625 0.4280416666666667 0.018234375 0.035958333333333335
0 0.5938749999999999 0.5398333333333334 0.018484375 0.0373125
0 0.551046875 0.5726458333333333 0.01875 0.043895833333333335
0 0.530984375 0.6688124999999999 0.0359375 0.062625
0 0.339453125 0.4492291666666667 0.020046875 0.019291666666666665
0 0.33471875 0.45539583333333333 0.030671874999999998 0.03147916666666666
0 0.6796875 0.20829166666666668 0.041671875000000004 0.07906250000000001
0 0.3921875 0.6623958333333333 0.01875 0.015062500000000001
0 0.4625 0.712375 0.023953125 0.04560416666666667
0 0.458015625 0.7057291666666666 0.026500000000000003 0.036229166666666666
0 0.388921875 0.6660208333333333 0.01428125 0.022041666666666668
0 0.70703125 0.45214583333333336 0.014671875000000001 0.011395833333333332
0 0.77253125 0.6401666666666667 0.01640625 0.026166666666666668
0 0.658984375 0.01941666666666667 0.034109375 0.03814583333333333
0 0.6125 0.18397916666666667 0.027078124999999998 0.033937499999999995
0 0.65559375 0.14214583333333333 0.032546874999999996 0.023187500000000003
0 0.5139375 0.12270833333333334 0.03046875 0.025979166666666668
0 0.745046875 0.1482291666666667 0.0265625 0.0526875
0 0.692578125 0.08625 0.012765625 0.0155625
0 0.712109375 0.11870833333333333 0.015359375 0.014520833333333334
0 0.30625 0.45997916666666666 0.01875 0.0234375
0 0.620828125 0.44575000000000004 0.022921875 0.0296875
0 0.71159375 0.6287083333333333 0.014328125 0.0275625
0 0.50928125 0.12443749999999999 0.013734374999999998 0.017562499999999998
0 0.71728125 0.12402083333333333 0.016015625 0.020562499999999997
0 0.692875 0.1400625 0.01840625 0.022041666666666668
0 0.777828125 0.12183333333333332 0.018484375 0.023