0 0.131140625 0.5898541666666667 0.02015625 0.0143125
0 0.311140625 0.41804166666666664 0.016234375000000002 0.027604166666666666
0 0.16143749999999998 0.5666875 0.01609375 0.014125
0 0.519234375 0.9485208333333334 0.033359375000000004 0.03410416666666667
0 0.4165 0.6503958333333333 0.013843749999999998 0.02695833333333333
0 0.53125 0.08764583333333334 0.026500000000000003 0.028770833333333336
0 0.42040625 0.5810625 0.018484375 0.030000000000000002
0 0.43529687499999997 0.10408333333333333 0.0225 0.0326875
0 0.386234375 0.39289583333333333 0.00971875 0.022125
0 0.512703125 0.9889375 0.023234374999999998 0.020395833333333332
0 0.673828125 0.14347916666666669 0.031671875 0.0308125
0 0.47435937499999997 0.9772083333333333 0.01678125 0.02272916666666667
0 0.789546875 0.37727083333333333 0.01628125 0.022208333333333333
0 0.8012656249999999 0.09912499999999999 0.018609375 0.01825
0 0.543953125 0.93425 0.020890625 0.0195625
0 0.779296875 0.10464583333333333 0.021578125 0.0208125
0 0.4609375 0.3398541666666667 0.008640625 0.013250000000000001
0 0.48021874999999997 0.6601666666666667 0.008578125 0.0195
0 0.367921875 0.08447916666666666 0.019453124999999998 0.020479166666666666
0 0.726078125 0.3919375 0.010171875 0.017625000000000002
0 0.822265625 0.31656249999999997 0.0245625 0.02325
0 0.382078125 0.5891875 0.009093750000000001 0.010833333333333334
0 0.59765625 0.051104166666666666 0.0136875 0.014375
0 0.8745156250000001 0.32129166666666664 0.009453125 0.011166666666666667
0 0.82325 0.29312499999999997 0.015015625 0.010833333333333334
0 0.474125 0.29785416666666664 0.00878125 0.0119375
0 0.44995312500000006 0.9121041666666667 0.010562499999999999 0.02033333333333333
0 0.9809531249999999 0.9153749999999999 0.015953125000000002 0.017416666666666667
0 0.9467812500000001 0.893875 0.00803125 0.01225