0 0.19396875 0.7272083333333333 0.014000000000000002 0.020895833333333332
0 0.48828125 0.6575624999999999 0.013171875 0.017291666666666667
0 0.7998125 0.7018333333333333 0.014000000000000002 0.017833333333333333
0 0.742671875 0.7565208333333333 0.01653125 0.020395833333333332
0 0.74071875 0.6927083333333334 0.025265625000000003 0.026895833333333334
0 0.12451562499999999 0.6679791666666667 0.021203125 0.0316875
0 0.534671875 0.11164583333333335 0.027171875 0.027166666666666665
0 0.63428125 0.6731874999999999 0.013843749999999998 0.017625000000000002
0 0.46240625 0.6028749999999999 0.014000000000000002 0.018604166666666665
0 0.171140625 0.27847916666666667 0.029203125000000003 0.0320625
0 0.49389062499999997 0.8151041666666666 0.011875 0.019874999999999997
0 0.052125 0.8333333333333334 0.014453125 0.0243125
0 0.78515625 0.6796875 0.011640625 0.0163125
0 0.6015625 0.38737499999999997 0.011421875 0.016458333333333335
0 0.6279375 0.3763125 0.011640625 0.0149375
0 0.012875000000000001 0.3359375 0.014624999999999999 0.030104166666666664
0 0.198734375 0.7506458333333333 0.012375 0.017416666666666667
0 0.76709375 0.6591875 0.012140624999999999 0.015708333333333335
0 0.094484375 0.467125 0.012046875 0.014083333333333333
0 0.150265625 0.254875 0.03240625 0.033125
0 0.292484375 0.4739583333333333 0.026968750000000003 0.034395833333333334
0 0.193484375 0.5810625 0.01125 0.020729166666666667
0 0.60840625 0.8704375 0.013375000000000001 0.017416666666666667
0 0.31275 0.5149791666666667 0.0130625 0.0195625
0 0.61328125 0.5462291666666667 0.019453124999999998 0.032375
0 0.48607812499999997 0.8691458333333333 0.010125 0.015229166666666665
0 0.331296875 0.3763125 0.01125 0.014645833333333334
0 0.5024375 0.5878958333333333 0.0116875 0.014145833333333333
0 0.232671875 0.6380208333333334 0.01053125 0.014041666666666668
0 0.08039062500000001 0.3763125 0.012765625 0.015395833333333333
0 0.44360937500000003 0.6656875 0.010953125 0.022375
0 0.153203125 0.5058541666666667 0.014390625 0.021354166666666667
0 0.677734375 0.036645833333333336 0.01653125 0.01825
0 0.8315468750000001 0.07552083333333333 0.01990625 0.021958333333333333
0 0.2683125 0.9049583333333333 0.010249999999999999 0.015645833333333335
0 0.13965624999999998 0.5348333333333334 0.019265625 0.024958333333333336
0 0.06878125 0.731125 0.013593749999999998 0.021354166666666667
0 0.536625 0.5214791666666667 0.01328125 0.029145833333333333
0 0.177484375 0.4895833333333333 0.018234375 0.022208333333333333
0 0.045875 0.5380833333333332 0.01428125 0.01583333333333333
0 0.321046875 0.7272083333333333 0.010203125 0.016020833333333335
0 0.49609375 0.3320416666666667 0.01390625 0.018895833333333334
0 0.621578125 0.5247499999999999 0.00971875 0.0125
0 0.899421875 0.7304791666666667 0.029703125000000004 0.029479166666666667
0 0.316890625 0.35122916666666665 0.011109375000000001 0.014083333333333333
0 0.63965625 0.6985625 0.0121875 0.011354166666666667
0 0.81153125 0.4417291666666667 0.017859375 0.017625000000000002
0 0.143671875 0.1150625 0.014328125 0.014416666666666666
0 0.745125 0.099375 0.021124999999999998 0.029249999999999998
0 0.78028125 0.6175208333333334 0.046546875 0.038625
0 0.19165625 0.10058333333333333 0.012625 0.016645833333333335
0 0.400515625 0.3370625 0.134375 0.27066666666666667
0 0.478640625 0.4766666666666667 0.071875 0.09845833333333333
0 0.5328125 0.5960833333333333 0.044796875 0.11508333333333334
0 0.5411406249999999 0.7099583333333332 0.071875 0.09283333333333334
0 0.594921875 0.7979583333333333 0.030984374999999998 0.10564583333333334