0 0.6045 0.9355416666666667 0.013484375000000002 0.019708333333333335
0 0.503421875 0.23795833333333333 0.024609375 0.03225
0 0.49731249999999994 0.9889375 0.01615625 0.018041666666666668
0 0.586421875 0.8131458333333333 0.057374999999999995 0.11083333333333334
0 0.533203125 0.4124375 0.052031249999999994 0.08252083333333333
0 0.662109375 0.43424999999999997 0.205328125 0.18425
0 0.42040625 0.45475 0.018437500000000002 0.021354166666666667
0 0.560546875 0.46158333333333335 0.10089062499999998 0.16364583333333332
0 0.508796875 0.35058333333333336 0.02175 0.022916666666666665
0 0.505859375 0.29914583333333333 0.01621875 0.024166666666666666
0 0.42748437499999997 0.16210416666666666 0.019296874999999998 0.028541666666666667
0 0.23145312499999998 0.6656875 0.039703125 0.04802083333333333
0 0.4194375 0.3789166666666667 0.01934375 0.022916666666666665
0 0.116328125 0.44075000000000003 0.032718750000000005 0.06266666666666666
0 0.648921875 0.8405 0.02828125 0.03333333333333333
0 0.410640625 0.34408333333333335 0.014734375 0.016125