0 0.520515625 0.5846458333333333 0.017859375 0.02033333333333333
0 0.272953125 0.8229166666666666 0.020640625000000003 0.025645833333333333
0 0.326421875 0.6448541666666666 0.011296875000000001 0.019270833333333334
0 0.39478125 0.6542916666666667 0.028546875 0.042229166666666665
0 0.763671875 0.36035416666666664 0.021281249999999998 0.0255625
0 0.358890625 0.6341249999999999 0.015078125000000001 0.027895833333333335
0 0.344234375 0.7272083333333333 0.014000000000000002 0.022291666666666664
0 0.6381875 0.5253958333333333 0.01578125 0.019791666666666666
0 0.792 0.6350833333333333 0.021124999999999998 0.018604166666666665
0 0.59521875 0.47591666666666665 0.0314375 0.051958333333333336
0 0.53125 0.7832083333333333 0.0305625 0.04658333333333333
0 0.755375 0.7630208333333334 0.014734375 0.018125
0 0.523171875 0.6521458333333333 0.0515625 0.043187500000000004
0 0.629171875 0.3552916666666667 0.22707812500000002 0.2064375
0 0.551265625 0.23795833333333333 0.190671875 0.057937499999999996
0 0.164328125 0.40079166666666666 0.021359375 0.026583333333333334
0 0.160515625 0.39779166666666665 0.01490625 0.013604166666666667
0 0.44067187499999994 0.6770833333333334 0.0130625 0.014645833333333334
0 0.78515625 0.2859791666666667 0.02175 0.019874999999999997
0 0.20764062499999997 0.7929791666666667 0.011734375 0.014604166666666666
0 0.4404375 0.6171875 0.011828125 0.017416666666666667
0 0.42943749999999997 0.6448541666666666 0.01040625 0.013666666666666666
0 0.18346875 0.379875 0.012875000000000001 0.015958333333333335
0 0.241453125 0.546875 0.012015625 0.014416666666666666
0 0.501953125 0.8391875 0.016468749999999997 0.019104166666666665
0 0.8500937499999999 0.9427083333333334 0.017249999999999998 0.017354166666666667
0 0.307125 0.8945416666666667 0.012046875 0.015104166666666667
0 0.41259375 0.49185416666666665 0.008515625 0.011520833333333334
0 0.21862499999999999 0.6848958333333334 0.01590625 0.016833333333333332
0 0.300296875 0.7773541666666667 0.01209375 0.021791666666666668
0 0.813484375 0.7415416666666667 0.011875 0.016020833333333335
0 0.694828125 0.6777291666666667 0.00978125 0.012854166666666667
0 0.368171875 0.7571666666666667 0.010171875 0.013458333333333333
0 0.620125 0.9283958333333333 0.017249999999999998 0.014145833333333333
0 0.25634375 0.45539583333333333 0.012140624999999999 0.014208333333333333
0 0.386234375 0.6946666666666667 0.012234375 0.017708333333333333
0 0.82325 0.8854166666666666 0.012375 0.018041666666666668
0 0.39746875 0.5026041666666666 0.00959375 0.011979166666666667
0 0.560546875 0.4873125 0.011328125 0.020645833333333332
0 0.16771875 0.7714791666666667 0.011640625 0.020104166666666666
0 0.048765625 0.532875 0.020296875 0.02685416666666667
0 0.13574999999999998 0.4280625 0.015609375 0.016770833333333336
0 0.503421875 0.5660833333333334 0.01065625 0.013500000000000002
0 0.581546875 0.08731249999999999 0.0108125 0.024458333333333335