0 0.45971875000000006 0.7265625 0.061312500000000006 0.095625
0 0.8579062499999999 0.4648541666666667 0.014328125 0.012791666666666666
0 0.7216875 0.3315416666666666 0.04303125 0.04495833333333333
0 0.692390625 0.29312499999999997 0.02025 0.025062499999999998
0 0.508796875 0.7617291666666667 0.0225 0.041229166666666664
0 0.3305625 0.8261666666666667 0.02059375 0.019270833333333334
0 0.786625 0.4283958333333333 0.016015625 0.022375
0 0.3464375 0.7838541666666666 0.028765625 0.03175
0 0.48364062499999994 0.9524791666666667 0.021406249999999998 0.0578125
0 0.483890625 0.8899791666666667 0.0088125 0.015645833333333335
0 0.47826562499999997 0.6533125 0.010328125 0.016833333333333332
0 0.982421875 0.5826875 0.011921875 0.014875
0 0.9506875000000001 0.5338541666666666 0.043609375 0.05516666666666667
0 0.495609375 0.15406250000000002 0.045015625 0.04666666666666666
0 0.89453125 0.48241666666666666 0.017046875 0.01941666666666667
0 0.345453125 0.1556875 0.011109375000000001 0.015062500000000001