0 0.05878124999999999 0.4192708333333333 0.02096875 0.0199375
0 0.785640625 0.529625 0.01428125 0.016125
0 0.41259375 0.6588541666666666 0.022328124999999997 0.04627083333333334
0 0.4296875 0.5579375 0.011828125 0.017020833333333332
0 0.42017187500000003 0.07483333333333334 0.021015625 0.025354166666666667
0 0.51075 0.36035416666666664 0.012875000000000001 0.019187500000000003
0 0.51415625 0.30370833333333336 0.011328125 0.022375
0 0.3828125 0.48210416666666667 0.024421875000000003 0.030520833333333334
0 0.44678125 0.043791666666666666 0.015953125000000002 0.0230625
0 0.3361875 0.08927083333333334 0.0241875 0.019104166666666665
0 0.46509375000000003 0.44335416666666666 0.01771875 0.012395833333333333
0 0.12073437499999999 0.39810416666666665 0.018546874999999997 0.017625000000000002
0 0.644046875 0.4596458333333333 0.012140624999999999 0.0199375
0 0.5180625 0.10335416666666666 0.01984375 0.025604166666666664
0 0.447265625 0.5703125 0.0099375 0.017562499999999998
0 0.573734375 0.028166666666666666 0.02975 0.0230625
0 0.69921875 0.8632916666666667 0.01578125 0.02264583333333333
0 0.390875 0.43195833333333333 0.00971875 0.012166666666666666
0 0.36571875 0.6809999999999999 0.01125 0.014708333333333332
0 0.51709375 0.16797916666666665 0.017249999999999998 0.022916666666666665
0 0.601078125 0.14370833333333335 0.013328125 0.01825
0 0.720703125 0.04089583333333333 0.017515625 0.0183125
0 0.619625 0.7324166666666667 0.014328125 0.01875
0 0.6591875 0.04785416666666666 0.018687500000000003 0.0238125
0 0.432625 0.6341249999999999 0.009890625 0.01625
0 0.732421875 0.42675 0.015421874999999998 0.020729166666666667
0 0.091546875 0.10189583333333332 0.016468749999999997 0.029833333333333333
0 0.44678125 0.5065208333333333 0.010249999999999999 0.012791666666666666
0 0.8432656250000001 0.578125 0.0110625 0.012895833333333334