0 0.411140625 0.36393749999999997 0.01971875 0.016895833333333332
0 0.37353125 0.11572916666666666 0.009421875 0.013354166666666667
0 0.3200625 0.5843125 0.01525 0.016125
0 0.46996874999999994 0.3789166666666667 0.019984375 0.016395833333333335
0 0.335453125 0.4114583333333333 0.012875000000000001 0.021541666666666667
0 0.4248125 0.5667291666666666 0.0136875 0.021875
0 0.434078125 0.31135416666666665 0.015421874999999998 0.017979166666666668
0 0.7915 0.40429166666666666 0.01584375 0.01625
0 0.403328125 0.16252083333333334 0.0678125 0.09512499999999999
0 0.3881875 0.7115833333333333 0.017984375 0.0404375
0 0.8051718749999999 0.40168750000000003 0.044765624999999996 0.02645833333333333
0 0.391609375 0.5117291666666667 0.019015625 0.0289375
0 0.190921875 0.5178958333333333 0.02303125 0.030520833333333334