0 0.559578125 0.5078125 0.034875 0.0414375
0 0.329109375 0.26464583333333336 0.017859375 0.019187500000000003
0 0.7993125 0.5384166666666667 0.037203125 0.0393125
0 0.3855 0.23079166666666667 0.02365625 0.021875
0 0.31153125 0.8040416666666667 0.067078125 0.09456250000000001
0 0.43115625 0.27799999999999997 0.013640625 0.0161875
0 0.610359375 0.42122916666666665 0.033140625 0.06347916666666667
0 0.581546875 0.6725208333333333 0.060765625000000004 0.07227083333333333
0 0.238765625 0.6103541666666668 0.012671874999999999 0.016708333333333332
0 0.15734375 0.7552083333333334 0.016015625 0.019874999999999997
0 0.396234375 0.36945833333333333 0.05059375000000001 0.06925
0 0.46778125 0.5488333333333333 0.01653125 0.0195
0 0.58496875 0.22297916666666667 0.149296875 0.171875
0 0.1065 0.8417916666666667 0.015078125000000001 0.019187500000000003
0 0.685546875 0.20166666666666666 0.0936875 0.11654166666666667
0 0.34253125 0.4257916666666667 0.04184375 0.06454166666666666
0 0.51025 0.24804166666666666 0.0171875 0.020958333333333336
0 0.607421875 0.47331249999999997 0.013218750000000001 0.017104166666666667
0 0.9223593749999999 0.25456249999999997 0.026500000000000003 0.03147916666666666
0 0.06804687499999999 0.9212291666666667 0.014453125 0.018604166666666665
0 0.52490625 0.5699791666666666 0.12793749999999998 0.14079166666666668
0 0.158328125 0.6542916666666667 0.027484375 0.02264583333333333
0 0.54053125 0.29802083333333335 0.018125 0.014041666666666668
0 0.6171875 0.9348958333333334 0.01525 0.0318125
0 0.47876562500000003 0.6152291666666667 0.017578125 0.016958333333333336
0 0.46801562499999994 0.26366666666666666 0.01115625 0.015770833333333335
0 0.89746875 0.4557291666666667 0.154546875 0.2109375
0 0.837890625 0.26416666666666666 0.020374999999999997 0.0175
0 0.45532812500000003 0.23991666666666667 0.0115 0.014479166666666666
0 0.507328125 0.9362083333333333 0.018046875 0.018979166666666665
0 0.31103125 0.2799583333333333 0.012671874999999999 0.015166666666666667
0 0.699703125 0.8196666666666667 0.032171875 0.035270833333333335
0 0.947265625 0.2836875 0.018984375 0.017708333333333333
0 0.4765625 0.9329375 0.018828125 0.021791666666666668
0 0.49292187500000006 0.583 0.01640625 0.020104166666666666
0 0.485359375 0.40658333333333335 0.054296875 0.050625
0 0.8002968750000001 0.432625 0.018984375 0.022291666666666664
0 0.380375 0.26416666666666666 0.010203125 0.0131875
0 0.051359375 0.6334583333333333 0.018296875 0.015104166666666667
0 0.054593749999999996 0.4261041666666667 0.103390625 0.1314375
0 0.507328125 0.8274791666666667 0.023328124999999998 0.021270833333333336
0 0.761234375 0.9042916666666667 0.020499999999999997 0.025354166666666667