0 0.574875 0.5209166666666667 0.048171874999999996 0.08627083333333332
0 0.3078125 0.7236666666666667 0.063546875 0.13064583333333332
0 0.48515625 0.5318541666666666 0.0171875 0.028291666666666666
0 0.50859375 0.5401875 0.022390625 0.0449375
0 0.580078125 0.4801458333333333 0.02521875 0.02335416666666667
0 0.469234375 0.5169374999999999 0.014453125 0.0195625
0 0.540046875 0.6181666666666668 0.031671875 0.05175
0 0.48340625 0.48372916666666665 0.011734375 0.016458333333333335
0 0.524421875 0.47622916666666665 0.030109375 0.046875
0 0.278328125 0.7415416666666667 0.015671875 0.026354166666666668
0 0.552734375 0.43554166666666666 0.010703124999999999 0.0149375
0 0.5498125 0.5891875 0.014781250000000001 0.0175
0 0.551265625 0.36425 0.01609375 0.021208333333333333
0 0.53271875 0.8098958333333334 0.015546874999999998 0.0163125
0 0.587890625 0.3779375 0.014781250000000001 0.021958333333333333
0 0.46704687500000003 0.48210416666666667 0.01328125 0.016770833333333336
0 0.48998437499999997 0.557625 0.012765625 0.017979166666666668
0 0.52978125 0.626625 0.013843749999999998 0.02402083333333333
0 0.341796875 0.6650416666666668 0.013593749999999998 0.022125
0 0.56153125 0.7037708333333333 0.016718749999999998 0.024541666666666666
0 0.48828125 0.6002708333333333 0.011375 0.012895833333333334
0 0.528328125 0.7011666666666667 0.02153125 0.03629166666666667
0 0.577640625 0.6487708333333334 0.0130625 0.016958333333333336
0 0.51953125 0.42383333333333334 0.026359375 0.03691666666666667
0 0.5649375 0.5895208333333334 0.013125000000000001 0.017229166666666667
0 0.267328125 0.6285833333333334 0.014734375 0.024916666666666667
0 0.5610625 0.6585625 0.015359375 0.03866666666666666