0 0.47143750000000006 0.4479166666666667 0.025750000000000002 0.0458125
0 0.46801562499999994 0.37825000000000003 0.0365625 0.05404166666666667
0 0.47435937499999997 0.3346458333333333 0.024390625 0.034874999999999996
0 0.47339062500000006 0.7734375 0.020140625000000002 0.04777083333333333
0 0.41870312500000006 0.432625 0.02484375 0.027791666666666666
0 0.43920312499999997 0.46679166666666666 0.013484375000000002 0.028270833333333335
0 0.49903125 0.6705833333333333 0.008749999999999999 0.011895833333333333
0 0.644046875 0.17024999999999998 0.02484375 0.03735416666666667
0 0.052828125000000004 0.192875 0.04459375 0.056854166666666664
0 0.3881875 0.529625 0.019421874999999998 0.025645833333333333
0 0.47240624999999997 0.5615208333333332 0.020640625000000003 0.03997916666666667
0 0.869140625 0.2765208333333333 0.012625 0.0160625
0 0.150390625 0.19416666666666668 0.011421875 0.013041666666666667
0 0.22356250000000003 0.18675 0.059109375 0.0464375