0 0.5306875 0.2688125 0.06073437499999999 0.09379166666666668
0 0.40503125000000006 0.24866666666666667 0.03209375 0.04772916666666667
0 0.348875 0.34570833333333334 0.044921875 0.03575
0 0.557125 0.43195833333333333 0.034703125 0.0525625
0 0.6430625 0.3398541666666667 0.040765625 0.034749999999999996
0 0.700203125 0.31966666666666665 0.040625 0.07429166666666666
0 0.7055625 0.24039583333333334 0.018640625 0.034666666666666665
0 0.495125 0.3186875 0.05645312500000001 0.08218750000000001
0 0.33203125 0.39289583333333333 0.0548125 0.08252083333333333
0 0.34765625 0.8737083333333333 0.023703125 0.0335625
0 0.856453125 0.7695416666666667 0.042390625 0.0385